Industry group	Year	Sales, value of shipments, or revenue ($1,000)	Annual payroll ($1,000)	First-quarter payroll ($1,000)	Number of employees	GEO_ID
3111	2018	57501604	3011362	757464	51994	0100000US
3111	2018	57501604	3011362	757464	51994	0100000US
3111	2018	24016497	1493986	373820	24168	0100000US
3111	2018	33485107	1517376	383644	27827	0100000US
3112	2018	84964542	3358336	832479	53479	0100000US
3112	2018	17360773	1097454	267779	19745	0100000US
3112	2018	12386440	750526	184793	12879	0100000US
3112	2018	3731579	282357	66274	5882	0100000US
3112	2018	1242754	64572	16712	983	0100000US
3112	2018	57301743	1404075	345629	21161	0100000US
3112	2018	10204049	512015	129294	6223	0100000US
3112	2018	37863862	534431	128610	8646	0100000US
3112	2018	9233832	357630	87724	6292	0100000US
3112	2018	10302026	856807	219071	12573	0100000US
3112	2018	10302026	856807	219071	12573	0100000US
3113	2018	37529887	3902989	947231	82472	0100000US
3113	2018	10527211	790039	201516	13716	0100000US
3113	2018	3805287	342038	90263	6344	0100000US
3113	2018	6721924	448001	111253	7372	0100000US
3113	2018	9976279	1130842	268410	22837	0100000US
3113	2018	9976279	1130842	268410	22837	0100000US
3113	2018	17026397	1982108	477305	45919	0100000US
3113	2018	4293393	483604	116905	8118	0100000US
3113	2018	12733004	1498504	360400	37801	0100000US
3114	2018	72910628	7764787	1901006	158261	0100000US
3114	2018	33063624	4071394	985969	88166	0100000US
3114	2018	12341323	1257350	291070	28018	0100000US
3114	2018	20722300	2814044	694899	60148	0100000US
3114	2018	39847004	3693392	915038	70096	0100000US
3114	2018	25485944	2391147	551559	44530	0100000US
3114	2018	7674523	563628	186401	10352	0100000US
3114	2018	6686537	738618	177078	15213	0100000US
3115	2018	117489124	8079496	2072807	149633	0100000US
3115	2018	109150310	7108739	1831664	129375	0100000US
3115	2018	37241102	3138576	814038	55632	0100000US
3115	2018	7070513	216392	53085	3718	0100000US
3115	2018	47630519	2768666	708408	53331	0100000US
3115	2018	17208177	985104	256133	16693	0100000US
3115	2018	8338813	970757	241143	20258	0100000US
3115	2018	8338813	970757	241143	20258	0100000US
3116	2018	215808363	19940086	4807063	498207	0100000US
3116	2018	215808363	19940086	4807063	498207	0100000US
3116	2018	93512927	6536169	1565062	142841	0100000US
3116	2018	53250394	5095611	1239397	114184	0100000US
3116	2018	4628121	486736	125533	9022	0100000US
3116	2018	64416921	7821571	1877071	232160	0100000US
3117	2018	13461709	1502636	359669	31304	0100000US
3117	2018	13461709	1502636	359669	31304	0100000US
3117	2018	13461709	1502636	359669	31304	0100000US
3118	2018	69365384	10894072	2677500	264024	0100000US
3118	2018	43067835	7626515	1885608	196675	0100000US
3118	2018	4727667	1474053	342663	59088	0100000US
3118	2018	32037945	5218237	1301900	114214	0100000US
3118	2018	6302223	934225	241045	23374	0100000US
3118	2018	22062927	2540402	617838	49833	0100000US
3118	2018	10744799	1489418	357047	29412	0100000US
3118	2018	11318128	1050984	260792	20421	0100000US
3118	2018	4234623	727155	174054	17516	0100000US
3118	2018	4234623	727155	174054	17516	0100000US
3119	2018	115597688	10319831	2490884	204830	0100000US
3119	2018	39306282	2818284	662736	58199	0100000US
3119	2018	14912299	905382	208839	19583	0100000US
3119	2018	24393983	1912901	453897	38617	0100000US
3119	2018	12447557	972101	249104	17515	0100000US
3119	2018	12447557	972101	249104	17515	0100000US
3119	2018	11241110	494391	119197	7169	0100000US
3119	2018	11241110	494391	119197	7169	0100000US
3119	2018	22804904	2389758	586631	39576	0100000US
3119	2018	9994742	1012511	238992	18550	0100000US
3119	2018	12810162	1377247	347639	21026	0100000US
3119	2018	29797835	3645298	873217	82371	0100000US
3119	2018	17301725	2337475	553318	56677	0100000US
3119	2018	12496109	1307822	319898	25694	0100000US
3121	2018	108884165	10814483	2594391	207948	0100000US
3121	2018	44179085	4055967	977112	76212	0100000US
3121	2018	37254605	3258690	794403	59191	0100000US
3121	2018	6041665	575351	140891	11793	0100000US
3121	2018	882815	221926	41818	5228	0100000US
3121	2018	30834473	3180317	782303	69574	0100000US
3121	2018	30834473	3180317	782303	69574	0100000US
3121	2018	20682375	2787811	649975	49950	0100000US
3121	2018	20682375	2787811	649975	49950	0100000US
3121	2018	13188232	790388	185001	12211	0100000US
3121	2018	13188232	790388	185001	12211	0100000US
3122	2018	47246633	916969	279243	13239	0100000US
3122	2018	47246633	916969	279243	13239	0100000US
3122	2018	47246633	916969	279243	13239	0100000US
3131	2018	6886303	806678	199283	20666	0100000US
3131	2018	6886303	806678	199283	20666	0100000US
3131	2018	6886303	806678	199283	20666	0100000US
3132	2018	13296725	1985202	504674	43354	0100000US
3132	2018	3818540	647933	160088	15782	0100000US
3132	2018	3818540	647933	160088	15782	0100000US
3132	2018	946351	203305	52030	4898	0100000US
3132	2018	946351	203305	52030	4898	0100000US
3132	2018	7154664	871193	228769	16375	0100000US
3132	2018	7154664	871193	228769	16375	0100000US
3132	2018	1377170	262772	63787	6299	0100000US
3132	2018	1377170	262772	63787	6299	0100000US
3133	2018	7628374	1222190	304101	26454	0100000US
3133	2018	5059911	813647	205243	19478	0100000US
3133	2018	5059911	813647	205243	19478	0100000US
3133	2018	2568463	408544	98858	6977	0100000US
3133	2018	2568463	408544	98858	6977	0100000US
3141	2018	12855628	1865915	464995	46934	0100000US
3141	2018	9232905	1176617	294568	26538	0100000US
3141	2018	9232905	1176617	294568	26538	0100000US
3141	2018	3622723	689298	170427	20396	0100000US
3141	2018	3622723	689298	170427	20396	0100000US
3149	2018	9803194	2170941	516947	55461	0100000US
3149	2018	3197758	787311	177523	19431	0100000US
3149	2018	3197758	787311	177523	19431	0100000US
3149	2018	6605435	1383629	339424	36029	0100000US
3149	2018	1670285	289997	76897	5846	0100000US
3149	2018	4935150	1093633	262527	30183	0100000US
3151	2018	1180860	314509	76306	10429	0100000US
3151	2018	929643	249107	59687	8372	0100000US
3151	2018	929643	249107	59687	8372	0100000US
3151	2018	251217	65402	16619	2057	0100000US
3151	2018	251217	65402	16619	2057	0100000US
3152	2018	7493817	1970428	474078	60266	0100000US
3152	2018	1930194	669030	157291	24191	0100000US
3152	2018	1930194	669030	157291	24191	0100000US
3152	2018	1556926	452657	109122	15425	0100000US
3152	2018	1556926	452657	109122	15425	0100000US
3152	2018	2839408	584991	142247	13283	0100000US
3152	2018	2839408	584991	142247	13283	0100000US
3152	2018	1167290	263750	65418	7367	0100000US
3152	2018	1167290	263750	65418	7367	0100000US
3159	2018	1065631	241815	60151	7830	0100000US
3159	2018	1065631	241815	60151	7830	0100000US
3159	2018	1065631	241815	60151	7830	0100000US
3161	2018	1270784	140457	32502	3273	0100000US
3161	2018	1270784	140457	32502	3273	0100000US
3161	2018	1270784	140457	32502	3273	0100000US
3162	2018	1768800	457465	117578	12192	0100000US
3162	2018	1768800	457465	117578	12192	0100000US
3162	2018	1768800	457465	117578	12192	0100000US
3169	2018	1561708	404151	97312	10570	0100000US
3169	2018	1561708	404151	97312	10570	0100000US
3169	2018	355393	70932	20137	1576	0100000US
3169	2018	1206315	333219	77175	8994	0100000US
3211	2018	34996566	4276876	1038725	86828	0100000US
3211	2018	34996566	4276876	1038725	86828	0100000US
3211	2018	28101457	3747438	910792	75313	0100000US
3211	2018	6895109	529438	127932	11515	0100000US
3212	2018	25287893	3575006	847521	76412	0100000US
3212	2018	25287893	3575006	847521	76412	0100000US
3212	2018	3131686	489488	120125	11567	0100000US
3212	2018	4321137	645059	164729	12650	0100000US
3212	2018	2578066	281582	69181	5557	0100000US
3212	2018	7161813	1336149	267561	33197	0100000US
3212	2018	8095191	822727	225926	13441	0100000US
3219	2018	53928894	9728149	2271219	239210	0100000US
3219	2018	26670178	4593063	1080403	107997	0100000US
3219	2018	13283582	2474312	579529	54155	0100000US
3219	2018	6002482	861065	199785	21693	0100000US
3219	2018	7384114	1257686	301089	32148	0100000US
3219	2018	10154220	1968164	462472	53997	0100000US
3219	2018	10154220	1968164	462472	53997	0100000US
3219	2018	17104495	3166922	728343	77216	0100000US
3219	2018	4832708	979861	218050	22943	0100000US
3219	2018	4328457	809322	181442	17992	0100000US
3219	2018	7943329	1377740	328851	36281	0100000US
3221	2018	77886570	7619110	1952798	91904	0100000US
3221	2018	6837884	841278	201065	9260	0100000US
3221	2018	6837884	841278	201065	9260	0100000US
3221	2018	36751599	3618295	955420	46330	0100000US
3221	2018	35717353	3519853	926264	45230	0100000US
3221	2018	1034246	98442	29156	1100	0100000US
3221	2018	34297086	3159537	796313	36314	0100000US
3221	2018	34297086	3159537	796313	36314	0100000US
3222	2018	113528335	13935428	3548837	236864	0100000US
3222	2018	67556104	8376861	2120345	139946	0100000US
3222	2018	38757486	4651473	1183861	75121	0100000US
3222	2018	21239697	2819715	717085	46773	0100000US
3222	2018	7558921	905674	219399	18052	0100000US
3222	2018	23345495	2976202	766436	49440	0100000US
3222	2018	23345495	2976202	766436	49440	0100000US
3222	2018	5789792	733881	180339	15256	0100000US
3222	2018	5789792	733881	180339	15256	0100000US
3222	2018	16836945	1848483	481717	32222	0100000US
3222	2018	12092257	1076834	289152	17618	0100000US
3222	2018	4744688	771650	192565	14605	0100000US
3231	2018	83310469	20962094	5158594	420133	0100000US
3231	2018	80394828	19926373	4907589	398717	0100000US
3231	2018	66990907	16577318	4109451	315535	0100000US
3231	2018	8869763	2259622	528475	61017	0100000US
3231	2018	4534159	1089433	269663	22165	0100000US
3231	2018	2915640	1035721	251004	21416	0100000US
3231	2018	2915640	1035721	251004	21416	0100000US
3241	2018	672627047	11367943	3249998	107735	0100000US
3241	2018	624724725	8300210	2519022	65474	0100000US
3241	2018	624724725	8300210	2519022	65474	0100000US
3241	2018	24935817	1763423	398354	26049	0100000US
3241	2018	13919254	1042352	211490	15912	0100000US
3241	2018	11016563	721071	186864	10136	0100000US
3241	2018	22966505	1304309	332622	16211	0100000US
3241	2018	18425065	1075761	273702	13005	0100000US
3241	2018	4541440	228549	58920	3206	0100000US
3251	2018	230686282	13431425	3567820	146630	0100000US
3251	2018	58821513	1201558	330755	9189	0100000US
3251	2018	58821513	1201558	330755	9189	0100000US
3251	2018	8825127	933626	228418	12475	0100000US
3251	2018	8825127	933626	228418	12475	0100000US
3251	2018	6095878	627022	162666	7688	0100000US
3251	2018	6095878	627022	162666	7688	0100000US
3251	2018	34869685	3369254	903474	38162	0100000US
3251	2018	34869685	3369254	903474	38162	0100000US
3251	2018	122074079	7299965	1942508	79116	0100000US
3251	2018	31366652	797448	213948	10871	0100000US
3251	2018	6173853	489185	121925	5054	0100000US
3251	2018	84533574	6013332	1606635	63190	0100000US
3252	2018	109692840	7669320	2056692	93197	0100000US
3252	2018	103249131	7008194	1895302	80825	0100000US
3252	2018	94852760	6217567	1679392	71095	0100000US
3252	2018	8396371	790628	215911	9730	0100000US
3252	2018	6443709	661126	161389	12372	0100000US
3252	2018	6443709	661126	161389	12372	0100000US
3253	2018	32589952	2419159	618174	32948	0100000US
3253	2018	17982488	1566528	404502	20907	0100000US
3253	2018	6980879	528315	143459	6210	0100000US
3253	2018	6073654	540864	141305	5802	0100000US
3253	2018	4927955	497349	119738	8896	0100000US
3253	2018	14607464	852632	213671	12041	0100000US
3253	2018	14607464	852632	213671	12041	0100000US
3254	2018	209256454	21392571	5861353	243931	0100000US
3254	2018	209256454	21392571	5861353	243931	0100000US
3254	2018	11992741	1914833	509188	26324	0100000US
3254	2018	153347176	12158619	3302976	141047	0100000US
3254	2018	13392570	2684255	759646	28510	0100000US
3254	2018	30523968	4634863	1289544	48051	0100000US
3255	2018	43059295	4093722	1103272	59989	0100000US
3255	2018	27352252	2369070	652099	35569	0100000US
3255	2018	27352252	2369070	652099	35569	0100000US
3255	2018	15707044	1724652	451172	24420	0100000US
3255	2018	15707044	1724652	451172	24420	0100000US
3256	2018	85185672	6411864	1666188	102836	0100000US
3256	2018	38887393	3259336	836254	49480	0100000US
3256	2018	24795711	1636886	403255	26661	0100000US
3256	2018	6518700	1061458	281682	15929	0100000US
3256	2018	7572981	560992	151317	6890	0100000US
3256	2018	46298279	3152528	829934	53356	0100000US
3256	2018	46298279	3152528	829934	53356	0100000US
3259	2018	47592820	5283883	1293071	82169	0100000US
3259	2018	4678660	665583	160683	10118	0100000US
3259	2018	4678660	665583	160683	10118	0100000US
3259	2018	2726787	499792	122150	7613	0100000US
3259	2018	2726787	499792	122150	7613	0100000US
3259	2018	40187373	4118508	1010238	64438	0100000US
3259	2018	11493397	1183581	280218	18719	0100000US
3259	2018	5961791	506412	121285	8552	0100000US
3259	2018	22732184	2428515	608735	37167	0100000US
3261	2018	204595253	30686842	7654795	640987	0100000US
3261	2018	41022197	5202811	1319796	94904	0100000US
3261	2018	11281340	1467083	353843	30742	0100000US
3261	2018	13838626	1835281	460246	31689	0100000US
3261	2018	15902231	1900447	505707	32473	0100000US
3261	2018	20808328	2190429	535876	40216	0100000US
3261	2018	8477168	1034330	252437	17772	0100000US
3261	2018	12331160	1156099	283438	22444	0100000US
3261	2018	4314372	679745	179916	11756	0100000US
3261	2018	4314372	679745	179916	11756	0100000US
3261	2018	9487292	1248376	299260	28014	0100000US
3261	2018	9487292	1248376	299260	28014	0100000US
3261	2018	11448404	1466103	392651	31285	0100000US
3261	2018	11448404	1466103	392651	31285	0100000US
3261	2018	11317480	1409743	352048	26841	0100000US
3261	2018	11317480	1409743	352048	26841	0100000US
3261	2018	106197180	18489635	4575249	407971	0100000US
3261	2018	4718632	810720	189356	18407	0100000US
3261	2018	101478548	17678915	4385894	389564	0100000US
3262	2018	47025852	7524362	1841810	134949	0100000US
3262	2018	22378411	3301780	782083	53004	0100000US
3262	2018	20757693	3009195	716833	46328	0100000US
3262	2018	1620718	292585	65250	6676	0100000US
3262	2018	5730931	1072456	273448	20286	0100000US
3262	2018	5730931	1072456	273448	20286	0100000US
3262	2018	18916510	3150126	786279	61659	0100000US
3262	2018	8310117	1492767	365572	31804	0100000US
3262	2018	10606393	1657359	420707	29854	0100000US
3271	2018	8374143	1750164	429875	35476	0100000US
3271	2018	2444074	583859	140474	12378	0100000US
3271	2018	2444074	583859	140474	12378	0100000US
3271	2018	5930068	1166305	289402	23098	0100000US
3271	2018	5930068	1166305	289402	23098	0100000US
3272	2018	27649065	5046534	1312246	93864	0100000US
3272	2018	27649065	5046534	1312246	93864	0100000US
3272	2018	4358026	619796	164048	12259	0100000US
3272	2018	3960443	755740	192990	13593	0100000US
3272	2018	4626329	897323	240023	13208	0100000US
3272	2018	14704266	2773674	715185	54804	0100000US
3273	2018	61478758	9779239	2194317	181484	0100000US
3273	2018	8531996	1029086	251560	15658	0100000US
3273	2018	8531996	1029086	251560	15658	0100000US
3273	2018	32360283	4534788	943460	82639	0100000US
3273	2018	32360283	4534788	943460	82639	0100000US
3273	2018	6836693	1182334	275883	23893	0100000US
3273	2018	4852420	823458	192470	15760	0100000US
3273	2018	1984273	358876	83413	8134	0100000US
3273	2018	13749786	3033031	723413	59294	0100000US
3273	2018	13749786	3033031	723413	59294	0100000US
3274	2018	8429492	987297	250794	13193	0100000US
3274	2018	2394609	303607	74600	4172	0100000US
3274	2018	2394609	303607	74600	4172	0100000US
3274	2018	6034883	683690	176194	9021	0100000US
3274	2018	6034883	683690	176194	9021	0100000US
3279	2018	24221333	4174485	1028822	77186	0100000US
3279	2018	4468104	707030	180360	11313	0100000US
3279	2018	4468104	707030	180360	11313	0100000US
3279	2018	19753229	3467455	848463	65873	0100000US
3279	2018	5092606	1428443	338619	30453	0100000US
3279	2018	4050708	556147	155289	9148	0100000US
3279	2018	6113064	929219	220635	14146	0100000US
3279	2018	4496851	553646	133920	12126	0100000US
3311	2018	102481444	7373567	1865349	84015	0100000US
3311	2018	102481444	7373567	1865349	84015	0100000US
3311	2018	102481444	7373567	1865349	84015	0100000US
3312	2018	27449719	3008071	738148	49713	0100000US
3312	2018	14097369	1650455	407926	25374	0100000US
3312	2018	14097369	1650455	407926	25374	0100000US
3312	2018	13352349	1357616	330222	24339	0100000US
3312	2018	6895195	589394	142238	9507	0100000US
3312	2018	6457155	768222	187984	14832	0100000US
3313	2018	41954199	3713056	929465	58980	0100000US
3313	2018	41954199	3713056	929465	58980	0100000US
3313	2018	3268798	323156	87159	4172	0100000US
3313	2018	6420817	350775	90136	5845	0100000US
3313	2018	19014383	1489730	370686	18845	0100000US
3313	2018	13250201	1549395	381484	30118	0100000US
3314	2018	50088944	3613929	909838	56290	0100000US
3314	2018	12214243	547836	144943	7811	0100000US
3314	2018	12214243	547836	144943	7811	0100000US
3314	2018	23491897	1448730	368794	24545	0100000US
3314	2018	23491897	1448730	368794	24545	0100000US
3314	2018	14382804	1617364	396101	23933	0100000US
3314	2018	6700827	1009125	244440	14677	0100000US
3314	2018	7681977	608239	151661	9256	0100000US
3315	2018	31372589	6378809	1578769	116674	0100000US
3315	2018	18130155	3606916	876175	61534	0100000US
3315	2018	10576243	2063690	498173	34820	0100000US
3315	2018	3936978	836622	199447	14801	0100000US
3315	2018	3616934	706605	178555	11913	0100000US
3315	2018	13242434	2771893	702594	55140	0100000US
3315	2018	7475756	1584807	406787	31857	0100000US
3315	2018	3029973	733131	174784	14684	0100000US
3315	2018	2736705	453955	121024	8599	0100000US
3321	2018	33553806	5802626	1415416	103760	0100000US
3321	2018	33553806	5802626	1415416	103760	0100000US
3321	2018	9215121	1292865	322707	21304	0100000US
3321	2018	2512202	390685	101980	6087	0100000US
3321	2018	7507600	996139	241135	17542	0100000US
3321	2018	2442749	521757	122046	10225	0100000US
3321	2018	11876134	2601181	627548	48602	0100000US
3322	2018	9996673	1826194	465405	34329	0100000US
3322	2018	9996673	1826194	465405	34329	0100000US
3322	2018	3316427	378732	101794	6772	0100000US
3322	2018	6680246	1447462	363611	27557	0100000US
3323	2018	97709710	19355327	4605429	358790	0100000US
3323	2018	51929701	9338388	2248599	165949	0100000US
3323	2018	8477497	1442114	346350	26497	0100000US
3323	2018	35249029	5892259	1421357	101460	0100000US
3323	2018	8203174	2004014	480892	37992	0100000US
3323	2018	45780009	10016939	2356830	192841	0100000US
3323	2018	12961188	2701472	648037	52020	0100000US
3323	2018	24949297	5489535	1277675	106508	0100000US
3323	2018	7869524	1825932	431118	34314	0100000US
3324	2018	36409625	5434618	1342332	85371	0100000US
3324	2018	7627472	1587790	404768	23356	0100000US
3324	2018	7627472	1587790	404768	23356	0100000US
3324	2018	9709523	2058836	493410	34036	0100000US
3324	2018	9709523	2058836	493410	34036	0100000US
3324	2018	19072630	1787992	444153	27979	0100000US
3324	2018	15783927	1252657	313616	17489	0100000US
3324	2018	3288704	535335	130537	10490	0100000US
3325	2018	9129923	1526018	370296	29843	0100000US
3325	2018	9129923	1526018	370296	29843	0100000US
3325	2018	9129923	1526018	370296	29843	0100000US
3326	2018	10003275	1918858	461498	38208	0100000US
3326	2018	10003275	1918858	461498	38208	0100000US
3326	2018	4457221	897694	212791	17616	0100000US
3326	2018	5546054	1021165	248707	20593	0100000US
3327	2018	72630014	20561560	4910839	372047	0100000US
3327	2018	40573201	12594421	2975161	231959	0100000US
3327	2018	40573201	12594421	2975161	231959	0100000US
3327	2018	32056813	7967139	1935678	140087	0100000US
3327	2018	20724133	5776095	1389908	104319	0100000US
3327	2018	11332679	2191044	545770	35768	0100000US
3328	2018	28269324	6088455	1487694	122199	0100000US
3328	2018	28269324	6088455	1487694	122199	0100000US
3328	2018	5690041	1194195	297141	20478	0100000US
3328	2018	14937169	2610021	638994	52090	0100000US
3328	2018	7642114	2284238	551560	49630	0100000US
3329	2018	75165988	14689868	3674788	246717	0100000US
3329	2018	33251101	5887312	1503581	90873	0100000US
3329	2018	12733114	2279270	602509	34815	0100000US
3329	2018	11254158	2393045	597111	35187	0100000US
3329	2018	5263599	507134	135292	9044	0100000US
3329	2018	4000231	707863	168670	11828	0100000US
3329	2018	41914886	8802556	2171207	155843	0100000US
3329	2018	6431827	1142406	284745	20704	0100000US
3329	2018	3959592	630265	166993	11852	0100000US
3329	2018	3242498	976194	249347	12537	0100000US
3329	2018	6120498	1146894	284512	18213	0100000US
3329	2018	6844150	1516093	380179	26849	0100000US
3329	2018	15316320	3390705	805431	65688	0100000US
3331	2018	92101680	11211250	2792058	184077	0100000US
3331	2018	36727796	3950554	976792	72759	0100000US
3331	2018	28939188	3283357	811670	55097	0100000US
3331	2018	7788608	667197	165122	17662	0100000US
3331	2018	34815997	3766104	943736	60377	0100000US
3331	2018	34815997	3766104	943736	60377	0100000US
3331	2018	20557887	3494592	871531	50942	0100000US
3331	2018	4981177	888588	231707	14421	0100000US
3331	2018	15576710	2606004	639824	36521	0100000US
3332	2018	36273308	8729357	2351219	109002	0100000US
3332	2018	36273308	8729357	2351219	109002	0100000US
3332	2018	5690589	1234243	311905	17660	0100000US
3332	2018	9358428	2637061	821129	19391	0100000US
3332	2018	3700737	858958	214070	12375	0100000US
3332	2018	1804592	425571	109404	6392	0100000US
3332	2018	15718961	3573524	894711	53183	0100000US
3333	2018	26360338	4853432	1187199	74960	0100000US
3333	2018	26360338	4853432	1187199	74960	0100000US
3333	2018	4902505	1152244	277684	15548	0100000US
3333	2018	1268084	207063	51559	3460	0100000US
3333	2018	20189749	3494125	857955	55952	0100000US
3334	2018	44149565	6708693	1661485	133576	0100000US
3334	2018	44149565	6708693	1661485	133576	0100000US
3334	2018	6136820	1241372	296774	24504	0100000US
3334	2018	4590194	775836	192232	13999	0100000US
3334	2018	33422551	4691485	1172478	95074	0100000US
3335	2018	33371316	9070025	2207356	147853	0100000US
3335	2018	33371316	9070025	2207356	147853	0100000US
3335	2018	6617590	2024632	494878	35800	0100000US
3335	2018	9326310	2819169	691258	45986	0100000US
3335	2018	5599267	1581384	389676	26556	0100000US
3335	2018	8249223	1750494	415344	26735	0100000US
3335	2018	3578926	894345	216201	12776	0100000US
3336	2018	47930754	6533226	1678666	98084	0100000US
3336	2018	47930754	6533226	1678666	98084	0100000US
3336	2018	10532008	2474001	651537	31668	0100000US
3336	2018	3481561	689182	166772	11617	0100000US
3336	2018	4905701	982560	238785	15778	0100000US
3336	2018	29011484	2387482	621572	39021	0100000US
3339	2018	110247635	20000534	4958378	294575	0100000US
3339	2018	28520137	4145143	1064029	59380	0100000US
3339	2018	9791855	1427356	354234	20524	0100000US
3339	2018	18728282	2717787	709796	38856	0100000US
3339	2018	32462132	5724440	1420706	90948	0100000US
3339	2018	3346156	554971	131135	9319	0100000US
3339	2018	10412597	2472834	591413	36386	0100000US
3339	2018	7979416	1081267	310550	18251	0100000US
3339	2018	10723964	1615369	387608	26992	0100000US
3339	2018	49265366	10130950	2473643	144247	0100000US
3339	2018	3512335	406743	102867	7209	0100000US
3339	2018	5613234	1058838	247564	14880	0100000US
3339	2018	7137563	1427156	359426	20166	0100000US
3339	2018	2652572	719791	188142	10852	0100000US
3339	2018	7620851	1674475	402665	21839	0100000US
3339	2018	4582620	769264	184384	10513	0100000US
3339	2018	1040825	200209	52095	3127	0100000US
3339	2018	17105365	3874474	936499	55662	0100000US
3341	2018	21123188	3203035	808080	39777	0100000US
3341	2018	21123188	3203035	808080	39777	0100000US
3341	2018	9639065	1347394	344168	16649	0100000US
3341	2018	4836867	517401	138545	6260	0100000US
3341	2018	6647256	1338240	325366	16869	0100000US
3342	2018	35320148	7500045	1915035	84247	0100000US
3342	2018	4359709	903376	211538	11846	0100000US
3342	2018	4359709	903376	211538	11846	0100000US
3342	2018	26841246	5809608	1505909	61135	0100000US
3342	2018	26841246	5809608	1505909	61135	0100000US
3342	2018	4119193	787061	197587	11266	0100000US
3342	2018	4119193	787061	197587	11266	0100000US
3343	2018	3201791	628041	156928	10542	0100000US
3343	2018	3201791	628041	156928	10542	0100000US
3343	2018	3201791	628041	156928	10542	0100000US
3344	2018	100501987	20705947	5510851	265605	0100000US
3344	2018	100501987	20705947	5510851	265605	0100000US
3344	2018	4487517	1130171	288835	22493	0100000US
3344	2018	52713572	11384464	3203706	105467	0100000US
3344	2018	4170472	961291	237306	18731	0100000US
3344	2018	5637260	1235364	315899	17812	0100000US
3344	2018	20501877	2829936	673017	48591	0100000US
3344	2018	12991288	3164721	792088	52511	0100000US
3345	2018	153997706	33402253	8480642	389747	0100000US
3345	2018	153997706	33402253	8480642	389747	0100000US
3345	2018	34564459	7047648	1791579	85045	0100000US
3345	2018	50864972	11544742	2958501	120371	0100000US
3345	2018	3066956	875985	256954	11402	0100000US
3345	2018	11167064	2559685	668056	34700	0100000US
3345	2018	5391724	882317	218687	12585	0100000US
3345	2018	11436218	2628435	630696	30390	0100000US
3345	2018	16265049	3707055	916946	44081	0100000US
3345	2018	7988633	1239183	310000	14728	0100000US
3345	2018	13252630	2917203	729224	36444	0100000US
3346	2018	1695953	426611	107156	7871	0100000US
3346	2018	1695953	426611	107156	7871	0100000US
3346	2018	338641	36585	8595	512	0100000US
3346	2018	1357312	390026	98561	7359	0100000US
3351	2018	14264428	2494909	601992	41229	0100000US
3351	2018	1753121	267365	68570	4112	0100000US
3351	2018	1753121	267365	68570	4112	0100000US
3351	2018	12511307	2227544	533422	37118	0100000US
3351	2018	2016360	313742	72034	6296	0100000US
3351	2018	5586609	1125174	277455	18365	0100000US
3351	2018	4908339	788628	183933	12457	0100000US
3352	2018	23383498	2476596	648529	52311	0100000US
3352	2018	3832454	442424	122152	9916	0100000US
3352	2018	3832454	442424	122152	9916	0100000US
3352	2018	19551044	2034172	526377	42395	0100000US
3352	2018	19551044	2034172	526377	42395	0100000US
3353	2018	40073183	6917516	1733315	111992	0100000US
3353	2018	40073183	6917516	1733315	111992	0100000US
3353	2018	5625040	1013431	252357	17985	0100000US
3353	2018	10803246	1719233	428308	29002	0100000US
3353	2018	13122376	1959193	491552	30621	0100000US
3353	2018	10522522	2225659	561099	34384	0100000US
3359	2018	51998246	8735826	2177791	139394	0100000US
3359	2018	10046411	1875408	464186	31687	0100000US
3359	2018	7771803	1445455	346664	25639	0100000US
3359	2018	2274608	429953	117522	6048	0100000US
3359	2018	11242243	1432378	356511	24200	0100000US
3359	2018	2901202	408085	96219	6829	0100000US
3359	2018	8341041	1024293	260292	17371	0100000US
3359	2018	14674785	2150943	517979	37932	0100000US
3359	2018	8939202	1457210	349039	25456	0100000US
3359	2018	5735583	693733	168940	12476	0100000US
3359	2018	16034807	3277097	839116	45575	0100000US
3359	2018	4467726	654992	160460	9672	0100000US
3359	2018	11567081	2622105	678656	35902	0100000US
3361	2018	347588886	16875754	4372917	217537	0100000US
3361	2018	315171307	14895084	3923323	187386	0100000US
3361	2018	108323824	6771687	1628140	81727	0100000US
3361	2018	206847483	8123397	2295183	105659	0100000US
3361	2018	32417580	1980670	449594	30151	0100000US
3361	2018	32417580	1980670	449594	30151	0100000US
3362	2018	50808643	7716110	1930036	157618	0100000US
3362	2018	50808643	7716110	1930036	157618	0100000US
3362	2018	15297208	2426100	602962	49020	0100000US
3362	2018	12069497	1737708	421193	38016	0100000US
3362	2018	5178109	651411	168204	13715	0100000US
3362	2018	18263830	2900891	737677	56867	0100000US
3363	2018	270159142	32456195	8252663	592583	0100000US
3363	2018	40184391	4130808	1096660	64038	0100000US
3363	2018	40184391	4130808	1096660	64038	0100000US
3363	2018	24009763	3036529	718377	57597	0100000US
3363	2018	24009763	3036529	718377	57597	0100000US
3363	2018	15805193	2006367	506710	37095	0100000US
3363	2018	15805193	2006367	506710	37095	0100000US
3363	2018	12239697	1256699	320832	24023	0100000US
3363	2018	12239697	1256699	320832	24023	0100000US
3363	2018	42689314	4876555	1336103	76833	0100000US
3363	2018	42689314	4876555	1336103	76833	0100000US
3363	2018	30128783	3465808	851192	72692	0100000US
3363	2018	30128783	3465808	851192	72692	0100000US
3363	2018	38327693	5944310	1532957	105656	0100000US
3363	2018	38327693	5944310	1532957	105656	0100000US
3363	2018	66774309	7739119	1889832	154648	0100000US
3363	2018	66774309	7739119	1889832	154648	0100000US
3364	2018	251069099	37552896	11025985	406212	0100000US
3364	2018	251069099	37552896	11025985	406212	0100000US
3364	2018	151871578	17324490	5238484	171972	0100000US
3364	2018	37430241	6116280	1740423	74474	0100000US
3364	2018	35132420	7832897	2110299	101995	0100000US
3364	2018	17901865	4277208	1403982	35899	0100000US
3364	2018	7468132	1679565	448722	17199	0100000US
3364	2018	1264864	322455	84076	4674	0100000US
3365	2018	12729207	1853074	445672	27267	0100000US
3365	2018	12729207	1853074	445672	27267	0100000US
3365	2018	12729207	1853074	445672	27267	0100000US
3366	2018	36373643	8280375	2128970	133182	0100000US
3366	2018	36373643	8280375	2128970	133182	0100000US
3366	2018	25084918	6464567	1702283	95452	0100000US
3366	2018	11288725	1815808	426687	37730	0100000US
3369	2018	21252778	2093335	533963	34839	0100000US
3369	2018	21252778	2093335	533963	34839	0100000US
3369	2018	6610926	542975	133739	9373	0100000US
3369	2018	6034328	749409	195733	10019	0100000US
3369	2018	8607525	800951	204491	15447	0100000US
3371	2018	40207945	8960126	2158192	229520	0100000US
3371	2018	15245502	3771078	883268	97981	0100000US
3371	2018	15245502	3771078	883268	97981	0100000US
3371	2018	24962443	5189047	1274924	131539	0100000US
3371	2018	12714344	2530109	623101	69611	0100000US
3371	2018	3831632	910868	221398	25318	0100000US
3371	2018	2301944	464132	112432	9640	0100000US
3371	2018	1107612	112873	27957	3010	0100000US
3371	2018	5006913	1171066	290036	23960	0100000US
3372	2018	28131184	6077324	1514370	122786	0100000US
3372	2018	28131184	6077324	1514370	122786	0100000US
3372	2018	2751696	542230	135725	12518	0100000US
3372	2018	8901052	2497376	597700	47439	0100000US
3372	2018	8034399	1332843	365504	26504	0100000US
3372	2018	8444037	1704876	415441	36325	0100000US
3379	2018	9416754	1339186	354729	32064	0100000US
3379	2018	7061471	852451	236104	21130	0100000US
3379	2018	7061471	852451	236104	21130	0100000US
3379	2018	2355283	486735	118625	10934	0100000US
3379	2018	2355283	486735	118625	10934	0100000US
3391	2018	92023378	17782420	4441031	268146	0100000US
3391	2018	92023378	17782420	4441031	268146	0100000US
3391	2018	41481657	7869686	1997334	113043	0100000US
3391	2018	34552907	5947966	1461724	76789	0100000US
3391	2018	4473628	877560	221736	13524	0100000US
3391	2018	6397805	1242247	317203	22697	0100000US
3391	2018	5117382	1844960	443034	42094	0100000US
3399	2018	61717790	12903788	3193570	259020	0100000US
3399	2018	7415583	1092645	268901	22981	0100000US
3399	2018	7415583	1092645	268901	22981	0100000US
3399	2018	10312941	1753137	473484	36462	0100000US
3399	2018	10312941	1753137	473484	36462	0100000US
3399	2018	1524687	272091	68554	5314	0100000US
3399	2018	1524687	272091	68554	5314	0100000US
3399	2018	3063089	514446	127214	9824	0100000US
3399	2018	3063089	514446	127214	9824	0100000US
3399	2018	12649262	3712738	880082	75487	0100000US
3399	2018	12649262	3712738	880082	75487	0100000US
3399	2018	26752227	5558731	1375335	108952	0100000US
3399	2018	7114382	1640103	406932	28473	0100000US
3399	2018	2133658	555192	137554	12155	0100000US
3399	2018	966167	207412	50384	3745	0100000US
3399	2018	2960285	455655	118861	9430	0100000US
3399	2018	678450	130121	33446	3008	0100000US
3399	2018	12899285	2570249	628158	52141	0100000US
3111	2019	56457309	3006554	766943	55632	0100000US
3111	2019	56457309	3006554	766943	55632	0100000US
3111	2019	23494350	1462200	383963	27943	0100000US
3111	2019	32962958	1544355	382980	27689	0100000US
3112	2019	81901050	3452064	866568	51494	0100000US
3112	2019	17754174	1112787	273709	18553	0100000US
3112	2019	12704645	775255	188905	12212	0100000US
3112	2019	3925965	274182	67240	5415	0100000US
3112	2019	1123564	63350	17564	925	0100000US
3112	2019	54061476	1496599	378837	21842	0100000US
3112	2019	10013478	542624	144984	6322	0100000US
3112	2019	34930367	571897	140030	9372	0100000US
3112	2019	9117630	382078	93823	6148	0100000US
3112	2019	10085401	842678	214023	11099	0100000US
3112	2019	10085401	842678	214023	11099	0100000US
3113	2019	38868977	3985859	1001765	81255	0100000US
3113	2019	10454730	812694	207842	13705	0100000US
3113	2019	3840502	355891	91481	6308	0100000US
3113	2019	6614228	456803	116361	7397	0100000US
3113	2019	10622228	1123954	274700	22353	0100000US
3113	2019	10622228	1123954	274700	22353	0100000US
3113	2019	17792019	2049211	519222	45197	0100000US
3113	2019	4609031	495087	134346	8255	0100000US
3113	2019	13182988	1554125	384876	36942	0100000US
3114	2019	72528590	7565360	1848287	154963	0100000US
3114	2019	32394644	3806410	965108	82672	0100000US
3114	2019	12628357	1236832	297561	26784	0100000US
3114	2019	19766288	2569578	667547	55887	0100000US
3114	2019	40133946	3758950	883179	72292	0100000US
3114	2019	25280171	2430882	541042	45318	0100000US
3114	2019	8250605	614571	163881	11746	0100000US
3114	2019	6603171	713497	178256	15227	0100000US
3115	2019	122059508	8282807	2099139	149282	0100000US
3115	2019	113939076	7263434	1841377	128083	0100000US
3115	2019	38185509	3146143	804007	55254	0100000US
3115	2019	7154917	219678	54851	3765	0100000US
3115	2019	51536790	2915195	721133	52338	0100000US
3115	2019	17061860	982418	261386	16726	0100000US
3115	2019	8120431	1019374	257762	21199	0100000US
3115	2019	8120431	1019374	257762	21199	0100000US
3116	2019	220160989	20831478	5123519	503907	0100000US
3116	2019	220160989	20831478	5123519	503907	0100000US
3116	2019	96486633	6899051	1683934	145121	0100000US
3116	2019	54305849	5331916	1289163	115493	0100000US
3116	2019	4453182	524904	129094	9333	0100000US
3116	2019	64915324	8075607	2021327	233960	0100000US
3117	2019	13659961	1556301	384428	32036	0100000US
3117	2019	13659961	1556301	384428	32036	0100000US
3117	2019	13659961	1556301	384428	32036	0100000US
3118	2019	70841573	11152124	2768436	260393	0100000US
3118	2019	43497296	7840925	1917285	191537	0100000US
3118	2019	5215028	1597560	372706	61072	0100000US
3118	2019	32105653	5302578	1313525	108516	0100000US
3118	2019	6176615	940787	231053	21949	0100000US
3118	2019	22814429	2538770	669041	49848	0100000US
3118	2019	10870816	1434242	375847	29136	0100000US
3118	2019	11943613	1104528	293193	20712	0100000US
3118	2019	4529848	772429	182111	19008	0100000US
3118	2019	4529848	772429	182111	19008	0100000US
3119	2019	117652397	10238203	2526677	198267	0100000US
3119	2019	39516951	2710199	664531	56397	0100000US
3119	2019	14727387	869709	213176	18941	0100000US
3119	2019	24789563	1840490	451355	37456	0100000US
3119	2019	11709169	989060	247544	17704	0100000US
3119	2019	11709169	989060	247544	17704	0100000US
3119	2019	11632748	497928	116883	7496	0100000US
3119	2019	11632748	497928	116883	7496	0100000US
3119	2019	23968735	2442875	613766	40115	0100000US
3119	2019	10891765	1043490	241765	19895	0100000US
3119	2019	13076970	1399385	372001	20220	0100000US
3119	2019	30824796	3598142	883953	76555	0100000US
3119	2019	17765461	2214881	554927	50651	0100000US
3119	2019	13059334	1383261	329026	25904	0100000US
3121	2019	108966863	11128659	2753867	206979	0100000US
3121	2019	45135154	3996594	988140	76031	0100000US
3121	2019	37600683	3283095	796750	60613	0100000US
3121	2019	6624027	486105	146907	10939	0100000US
3121	2019	910444	227394	44483	4480	0100000US
3121	2019	29901830	3334581	807910	69353	0100000US
3121	2019	29901830	3334581	807910	69353	0100000US
3121	2019	19694266	2915158	750714	48601	0100000US
3121	2019	19694266	2915158	750714	48601	0100000US
3121	2019	14235613	882326	207102	12993	0100000US
3121	2019	14235613	882326	207102	12993	0100000US
3122	2019	46302275	862323	271607	11938	0100000US
3122	2019	46302275	862323	271607	11938	0100000US
3122	2019	46302275	862323	271607	11938	0100000US
3131	2019	6440047	773541	192331	20232	0100000US
3131	2019	6440047	773541	192331	20232	0100000US
3131	2019	6440047	773541	192331	20232	0100000US
3132	2019	13115864	1965689	504754	42378	0100000US
3132	2019	3697567	605410	155438	14514	0100000US
3132	2019	3697567	605410	155438	14514	0100000US
3132	2019	972255	213180	53633	5044	0100000US
3132	2019	972255	213180	53633	5044	0100000US
3132	2019	7162040	906072	233933	16972	0100000US
3132	2019	7162040	906072	233933	16972	0100000US
3132	2019	1284002	241028	61750	5849	0100000US
3132	2019	1284002	241028	61750	5849	0100000US
3133	2019	7506319	1193785	303027	25058	0100000US
3133	2019	4981903	788371	198057	18368	0100000US
3133	2019	4981903	788371	198057	18368	0100000US
3133	2019	2524416	405415	104970	6689	0100000US
3133	2019	2524416	405415	104970	6689	0100000US
3141	2019	12449799	1831799	458232	46157	0100000US
3141	2019	8818740	1151350	293128	26002	0100000US
3141	2019	8818740	1151350	293128	26002	0100000US
3141	2019	3631058	680449	165104	20154	0100000US
3141	2019	3631058	680449	165104	20154	0100000US
3149	2019	10444843	2242178	530337	56724	0100000US
3149	2019	3840860	857794	199932	20565	0100000US
3149	2019	3840860	857794	199932	20565	0100000US
3149	2019	6603983	1384384	330405	36158	0100000US
3149	2019	1716999	307407	72855	6058	0100000US
3149	2019	4886984	1076977	257550	30100	0100000US
3151	2019	1091018	299361	73741	10032	0100000US
3151	2019	859919	243608	60560	8254	0100000US
3151	2019	859919	243608	60560	8254	0100000US
3151	2019	231100	55752	13181	1778	0100000US
3151	2019	231100	55752	13181	1778	0100000US
3152	2019	7848193	1935046	482125	55824	0100000US
3152	2019	2148161	659483	160140	21357	0100000US
3152	2019	2148161	659483	160140	21357	0100000US
3152	2019	1617964	437675	112183	15300	0100000US
3152	2019	1617964	437675	112183	15300	0100000US
3152	2019	2952721	577712	144666	11971	0100000US
3152	2019	2952721	577712	144666	11971	0100000US
3152	2019	1129347	260176	65136	7196	0100000US
3152	2019	1129347	260176	65136	7196	0100000US
3159	2019	1031472	243231	56791	7882	0100000US
3159	2019	1031472	243231	56791	7882	0100000US
3159	2019	1031472	243231	56791	7882	0100000US
3161	2019	1124181	141336	32291	3079	0100000US
3161	2019	1124181	141336	32291	3079	0100000US
3161	2019	1124181	141336	32291	3079	0100000US
3162	2019	1798934	465393	118327	12337	0100000US
3162	2019	1798934	465393	118327	12337	0100000US
3162	2019	1798934	465393	118327	12337	0100000US
3169	2019	1534992	391120	96344	10666	0100000US
3169	2019	1534992	391120	96344	10666	0100000US
3169	2019	387969	77598	20858	1754	0100000US
3169	2019	1147023	313522	75486	8912	0100000US
3211	2019	30516140	4330638	1074609	83733	0100000US
3211	2019	30516140	4330638	1074609	83733	0100000US
3211	2019	23810050	3791383	937872	73278	0100000US
3211	2019	6706090	539254	136737	10456	0100000US
3212	2019	23221656	3651395	900219	73278	0100000US
3212	2019	23221656	3651395	900219	73278	0100000US
3212	2019	2823035	469953	118443	11392	0100000US
3212	2019	3407397	654539	163998	12480	0100000US
3212	2019	2604966	291758	67302	5119	0100000US
3212	2019	7703694	1422653	333304	30946	0100000US
3212	2019	6682564	812492	217173	13340	0100000US
3219	2019	52700118	9869070	2339169	234136	0100000US
3219	2019	26181144	4613854	1092120	105517	0100000US
3219	2019	13559877	2509366	582701	52436	0100000US
3219	2019	5554342	861133	201642	20394	0100000US
3219	2019	7066925	1243356	307778	32686	0100000US
3219	2019	10421102	2050197	502108	53407	0100000US
3219	2019	10421102	2050197	502108	53407	0100000US
3219	2019	16097872	3205019	744941	75213	0100000US
3219	2019	4309238	873786	197142	21596	0100000US
3219	2019	4378347	913623	200539	18990	0100000US
3219	2019	7410287	1417609	347260	34627	0100000US
3221	2019	76296960	7878765	2056572	93283	0100000US
3221	2019	6961533	924463	227435	9590	0100000US
3221	2019	6961533	924463	227435	9590	0100000US
3221	2019	37357531	3718399	987855	47753	0100000US
3221	2019	36450178	3615921	959807	46627	0100000US
3221	2019	907353	102478	28048	1126	0100000US
3221	2019	31977896	3235903	841281	35940	0100000US
3221	2019	31977896	3235903	841281	35940	0100000US
3222	2019	114117635	14289728	3590758	239377	0100000US
3222	2019	66748660	8577710	2112409	141334	0100000US
3222	2019	35980822	4519447	1115203	72998	0100000US
3222	2019	23044691	3112240	767335	50472	0100000US
3222	2019	7723147	946023	229872	17864	0100000US
3222	2019	22811706	3083784	797641	50118	0100000US
3222	2019	22811706	3083784	797641	50118	0100000US
3222	2019	5940763	765878	187683	15791	0100000US
3222	2019	5940763	765878	187683	15791	0100000US
3222	2019	18616506	1862357	493025	32135	0100000US
3222	2019	13423292	1068071	286677	17557	0100000US
3222	2019	5193214	794285	206348	14578	0100000US
3231	2019	81224810	20346147	4946720	394834	0100000US
3231	2019	78395241	19349135	4703951	374798	0100000US
3231	2019	65143886	16071818	3919740	295935	0100000US
3231	2019	8979334	2254338	527539	57580	0100000US
3231	2019	4272021	1022979	256673	21282	0100000US
3231	2019	2829569	997012	242769	20036	0100000US
3231	2019	2829569	997012	242769	20036	0100000US
3241	2019	595704415	11435701	3253064	106669	0100000US
3241	2019	547390227	8265164	2486286	63659	0100000US
3241	2019	547390227	8265164	2486286	63659	0100000US
3241	2019	25521087	1864706	406523	27210	0100000US
3241	2019	14350659	1103135	217404	17223	0100000US
3241	2019	11170428	761570	189119	9987	0100000US
3241	2019	22793100	1305831	360255	15800	0100000US
3241	2019	18056257	1074622	296693	12632	0100000US
3241	2019	4736843	231209	63562	3168	0100000US
3251	2019	206315456	13567692	3615762	143000	0100000US
3251	2019	47971340	1253085	328228	9693	0100000US
3251	2019	47971340	1253085	328228	9693	0100000US
3251	2019	9389785	963387	242439	11062	0100000US
3251	2019	9389785	963387	242439	11062	0100000US
3251	2019	5575602	631550	160900	7738	0100000US
3251	2019	5575602	631550	160900	7738	0100000US
3251	2019	32096238	3367921	908324	36798	0100000US
3251	2019	32096238	3367921	908324	36798	0100000US
3251	2019	111282491	7351749	1975871	77709	0100000US
3251	2019	30953980	801154	222789	10964	0100000US
3251	2019	5185494	496283	124903	4968	0100000US
3251	2019	75143017	6054312	1628179	61777	0100000US
3252	2019	95740455	7813651	2098153	92040	0100000US
3252	2019	89562402	7146754	1925722	79649	0100000US
3252	2019	81673471	6352359	1709861	70360	0100000US
3252	2019	7888930	794395	215861	9289	0100000US
3252	2019	6178053	666897	172431	12391	0100000US
3252	2019	6178053	666897	172431	12391	0100000US
3253	2019	31464541	2493534	645168	32406	0100000US
3253	2019	17939367	1700761	436938	21308	0100000US
3253	2019	7381366	571671	147873	6383	0100000US
3253	2019	5676311	605556	166404	6362	0100000US
3253	2019	4881690	523534	122661	8564	0100000US
3253	2019	13525174	792773	208230	11097	0100000US
3253	2019	13525174	792773	208230	11097	0100000US
3254	2019	210743538	21814677	5977846	244788	0100000US
3254	2019	210743538	21814677	5977846	244788	0100000US
3254	2019	12564756	2007223	577198	27766	0100000US
3254	2019	150852948	12215809	3242004	140490	0100000US
3254	2019	13823668	2666817	773998	28077	0100000US
3254	2019	33502166	4924828	1384646	48455	0100000US
3255	2019	41983991	3984808	1026835	59581	0100000US
3255	2019	26439617	2318136	587408	34683	0100000US
3255	2019	26439617	2318136	587408	34683	0100000US
3255	2019	15544375	1666672	439427	24897	0100000US
3255	2019	15544375	1666672	439427	24897	0100000US
3256	2019	89253806	6269477	1625585	100305	0100000US
3256	2019	41408440	3281291	834885	50933	0100000US
3256	2019	26237319	1728279	422411	28944	0100000US
3256	2019	7405965	1001812	262864	15717	0100000US
3256	2019	7765156	551200	149610	6272	0100000US
3256	2019	47845366	2988186	790701	49372	0100000US
3256	2019	47845366	2988186	790701	49372	0100000US
3259	2019	44675766	5231508	1309284	79018	0100000US
3259	2019	4670029	657197	166721	9837	0100000US
3259	2019	4670029	657197	166721	9837	0100000US
3259	2019	2631421	511294	130436	7758	0100000US
3259	2019	2631421	511294	130436	7758	0100000US
3259	2019	37374316	4063017	1012126	61424	0100000US
3259	2019	10509052	1186734	286063	17746	0100000US
3259	2019	5260046	463403	112357	6849	0100000US
3259	2019	21605218	2412880	613707	36829	0100000US
3261	2019	201195394	31242663	7897787	634252	0100000US
3261	2019	39599228	5356487	1418853	92426	0100000US
3261	2019	11787160	1542884	395553	30260	0100000US
3261	2019	13245719	1864300	514171	30838	0100000US
3261	2019	14566350	1949303	509128	31328	0100000US
3261	2019	20282706	2189096	550100	39818	0100000US
3261	2019	8798252	1034463	263852	17415	0100000US
3261	2019	11484454	1154633	286248	22403	0100000US
3261	2019	4384415	728301	183974	12580	0100000US
3261	2019	4384415	728301	183974	12580	0100000US
3261	2019	9764478	1295452	316288	28945	0100000US
3261	2019	9764478	1295452	316288	28945	0100000US
3261	2019	11478657	1491748	388897	30993	0100000US
3261	2019	11478657	1491748	388897	30993	0100000US
3261	2019	11548292	1516442	389567	30562	0100000US
3261	2019	11548292	1516442	389567	30562	0100000US
3261	2019	104137618	18665138	4650108	398930	0100000US
3261	2019	4743870	797742	197084	18648	0100000US
3261	2019	99393749	17867396	4453024	380282	0100000US
3262	2019	45384229	7654485	1875882	134633	0100000US
3262	2019	21266612	3439687	794841	53714	0100000US
3262	2019	19710562	3154521	730486	47723	0100000US
3262	2019	1556050	285166	64354	5991	0100000US
3262	2019	5484339	1081544	284676	19712	0100000US
3262	2019	5484339	1081544	284676	19712	0100000US
3262	2019	18633279	3133254	796366	61207	0100000US
3262	2019	7859584	1461487	376504	31409	0100000US
3262	2019	10773695	1671766	419861	29798	0100000US
3271	2019	8124973	1744018	457907	33905	0100000US
3271	2019	2491658	598236	163002	12551	0100000US
3271	2019	2491658	598236	163002	12551	0100000US
3271	2019	5633316	1145783	294904	21354	0100000US
3271	2019	5633316	1145783	294904	21354	0100000US
3272	2019	27570836	4855813	1286737	91988	0100000US
3272	2019	27570836	4855813	1286737	91988	0100000US
3272	2019	4167237	572613	166091	11143	0100000US
3272	2019	3744550	720583	195487	12575	0100000US
3272	2019	4724037	909818	241761	13097	0100000US
3272	2019	14935012	2652800	683398	55173	0100000US
3273	2019	61570731	9699902	2184946	172282	0100000US
3273	2019	9018680	1045866	249457	15590	0100000US
3273	2019	9018680	1045866	249457	15590	0100000US
3273	2019	33075657	4742291	1010844	81167	0100000US
3273	2019	33075657	4742291	1010844	81167	0100000US
3273	2019	6401779	1110791	256437	22620	0100000US
3273	2019	4686965	796902	186222	16298	0100000US
3273	2019	1714814	313889	70216	6322	0100000US
3273	2019	13074615	2800954	668207	52905	0100000US
3273	2019	13074615	2800954	668207	52905	0100000US
3274	2019	7985048	1029175	245577	13400	0100000US
3274	2019	2464063	313821	80631	4270	0100000US
3274	2019	2464063	313821	80631	4270	0100000US
3274	2019	5520985	715354	164947	9130	0100000US
3274	2019	5520985	715354	164947	9130	0100000US
3279	2019	25184022	4158715	1049610	79423	0100000US
3279	2019	3976328	682833	178528	11110	0100000US
3279	2019	3976328	682833	178528	11110	0100000US
3279	2019	21207694	3475882	871082	68313	0100000US
3279	2019	5194024	1406166	339641	29488	0100000US
3279	2019	4283333	536054	151001	8683	0100000US
3279	2019	6710059	912366	233631	14188	0100000US
3279	2019	5020277	621295	146810	15954	0100000US
3311	2019	93718306	7281664	1971451	85707	0100000US
3311	2019	93718306	7281664	1971451	85707	0100000US
3311	2019	93718306	7281664	1971451	85707	0100000US
3312	2019	26922193	3028425	762882	50538	0100000US
3312	2019	14056067	1696084	427785	26182	0100000US
3312	2019	14056067	1696084	427785	26182	0100000US
3312	2019	12866127	1332341	335097	24356	0100000US
3312	2019	6385427	572695	145161	9547	0100000US
3312	2019	6480700	759646	189936	14809	0100000US
3313	2019	38438493	3809612	990432	59083	0100000US
3313	2019	38438493	3809612	990432	59083	0100000US
3313	2019	2953336	333017	88287	4123	0100000US
3313	2019	5760506	351920	96002	5798	0100000US
3313	2019	17516660	1547892	402730	18902	0100000US
3313	2019	12207992	1576783	403412	30261	0100000US
3314	2019	50721367	3747737	947479	56779	0100000US
3314	2019	13445154	558827	150895	7986	0100000US
3314	2019	13445154	558827	150895	7986	0100000US
3314	2019	22246914	1483085	367779	24438	0100000US
3314	2019	22246914	1483085	367779	24438	0100000US
3314	2019	15029299	1705825	428805	24355	0100000US
3314	2019	7250536	1093133	271834	15084	0100000US
3314	2019	7778764	612692	156971	9271	0100000US
3315	2019	30191097	6444737	1660850	116083	0100000US
3315	2019	17824632	3651939	934358	62544	0100000US
3315	2019	10073033	2019189	516361	34788	0100000US
3315	2019	4098134	923558	233747	15447	0100000US
3315	2019	3653465	709192	184250	12309	0100000US
3315	2019	12366466	2792799	726492	53539	0100000US
3315	2019	6913381	1572622	419578	29988	0100000US
3315	2019	2465746	722227	173564	14453	0100000US
3315	2019	2987339	497949	133350	9098	0100000US
3321	2019	33166341	5791545	1440698	103540	0100000US
3321	2019	33166341	5791545	1440698	103540	0100000US
3321	2019	8816403	1297853	337379	21268	0100000US
3321	2019	2715451	410457	103503	6090	0100000US
3321	2019	7424446	999996	235267	17542	0100000US
3321	2019	2316202	514372	132563	10111	0100000US
3321	2019	11893838	2568867	631985	48529	0100000US
3322	2019	9952926	1819698	464232	33965	0100000US
3322	2019	9952926	1819698	464232	33965	0100000US
3322	2019	3110168	367324	102773	6608	0100000US
3322	2019	6842759	1452374	361459	27357	0100000US
3323	2019	100323468	19733886	4858691	356553	0100000US
3323	2019	53181976	9419685	2352240	162799	0100000US
3323	2019	8723846	1503609	372531	26149	0100000US
3323	2019	36224788	5874316	1485037	99311	0100000US
3323	2019	8233343	2041760	494672	37339	0100000US
3323	2019	47141491	10314201	2506450	193754	0100000US
3323	2019	13801085	2746024	656440	52046	0100000US
3323	2019	25372731	5676352	1390192	107221	0100000US
3323	2019	7967675	1891825	459819	34486	0100000US
3324	2019	37570331	5597436	1423955	87513	0100000US
3324	2019	8142809	1654480	423682	24059	0100000US
3324	2019	8142809	1654480	423682	24059	0100000US
3324	2019	10060964	2121894	530451	35537	0100000US
3324	2019	10060964	2121894	530451	35537	0100000US
3324	2019	19366558	1821062	469822	27917	0100000US
3324	2019	16120136	1323572	344369	18099	0100000US