GeographySummary	2017 NAICS code	NAICS Code Related	Year	"Sales, value of shipments, or revenue ($1,000)"	"Annual payroll ($1,000)"	"First-quarter payroll ($1,000)"	Number of employees	GeographyVariant	GeographyNation
10	31-33	3365	2018	5890662939	692979103	175598627	11633292	0	US
10	311	32419	2018	784628928	68773595	16846104	1494203	0	US
10	3111	325910	2018	57501604	3011362	757464	51994	0	US
10	31111	336991	2018	57501604	3011362	757464	51994	0	US
10	311111	31-33	2018	24016497	1493986	373820	24168	0	US
10	311119	335912	2018	33485107	1517376	383644	27827	0	US
10	3112	333924	2018	84964542	3358336	832479	53479	0	US
10	31121	33271	2018	17360773	1097454	267779	19745	0	US
10	311211	3314	2018	12386440	750526	184793	12879	0	US
10	311212	336390	2018	3731579	282357	66274	5882	0	US
10	311213	325194	2018	1242754	64572	16712	983	0	US
10	31122	321211	2018	57301743	1404075	345629	21161	0	US
10	311221	326191	2018	10204049	512015	129294	6223	0	US
10	311224	335929	2018	37863862	534431	128610	8646	0	US
10	311225	312112	2018	9233832	357630	87724	6292	0	US
10	31123	339995	2018	10302026	856807	219071	12573	0	US
10	311230	31331	2018	10302026	856807	219071	12573	0	US
10	3113	3255	2018	37529887	3902989	947231	82472	0	US
10	31131	331492	2018	10527211	790039	201516	13716	0	US
10	311313	32532	2018	3805287	342038	90263	6344	0	US
10	311314	311314	2018	6721924	448001	111253	7372	0	US
10	31134	31322	2018	9976279	1130842	268410	22837	0	US
10	311340	32212	2018	9976279	1130842	268410	22837	0	US
10	31135	31524	2018	17026397	1982108	477305	45919	0	US
10	311351	32552	2018	4293393	483604	116905	8118	0	US
10	311352	339993	2018	12733004	1498504	360400	37801	0	US
10	3114	339	2018	72910628	7764787	1901006	158261	0	US
10	31141	311421	2018	33063624	4071394	985969	88166	0	US
10	311411	311512	2018	12341323	1257350	291070	28018	0	US
10	311412	333612	2018	20722300	2814044	694899	60148	0	US
10	31142	33211	2018	39847004	3693392	915038	70096	0	US
10	311421	32616	2018	25485944	2391147	551559	44530	0	US
10	311422	32531	2018	7674523	563628	186401	10352	0	US
10	311423	334418	2018	6686537	738618	177078	15213	0	US
10	3115	331529	2018	117489124	8079496	2072807	149633	0	US
10	31151	32213	2018	109150310	7108739	1831664	129375	0	US
10	311511	32521	2018	37241102	3138576	814038	55632	0	US
10	311512	3364	2018	7070513	216392	53085	3718	0	US
10	311513	339999	2018	47630519	2768666	708408	53331	0	US
10	311514	33451	2018	17208177	985104	256133	16693	0	US
10	31152	32522	2018	8338813	970757	241143	20258	0	US
10	311520	336413	2018	8338813	970757	241143	20258	0	US
10	3116	311412	2018	215808363	19940086	4807063	498207	0	US
10	31161	325314	2018	215808363	19940086	4807063	498207	0	US
10	311611	339930	2018	93512927	6536169	1565062	142841	0	US
10	311612	325413	2018	53250394	5095611	1239397	114184	0	US
10	311613	32712	2018	4628121	486736	125533	9022	0	US
10	311615	3328	2018	64416921	7821571	1877071	232160	0	US
10	3117	334210	2018	13461709	1502636	359669	31304	0	US
10	31171	335999	2018	13461709	1502636	359669	31304	0	US
10	311710	33791	2018	13461709	1502636	359669	31304	0	US
10	3118	336415	2018	69365384	10894072	2677500	264024	0	US
10	31181	33441	2018	43067835	7626515	1885608	196675	0	US
10	311811	311340	2018	4727667	1474053	342663	59088	0	US
10	311812	314999	2018	32037945	5218237	1301900	114214	0	US
10	311813	331492	2018	6302223	934225	241045	23374	0	US
10	31182	3311	2018	22062927	2540402	617838	49833	0	US
10	311821	325992	2018	10744799	1489418	357047	29412	0	US
10	311824	336212	2018	11318128	1050984	260792	20421	0	US
10	31183	333314	2018	4234623	727155	174054	17516	0	US
10	311830	32712	2018	4234623	727155	174054	17516	0	US
10	3119	33211	2018	115597688	10319831	2490884	204830	0	US
10	31191	321212	2018	39306282	2818284	662736	58199	0	US
10	311911	333997	2018	14912299	905382	208839	19583	0	US
10	311919	323120	2018	24393983	1912901	453897	38617	0	US
10	31192	3343	2018	12447557	972101	249104	17515	0	US
10	311920	336112	2018	12447557	972101	249104	17515	0	US
10	31193	331524	2018	11241110	494391	119197	7169	0	US
10	311930	3261	2018	11241110	494391	119197	7169	0	US
10	31194	335129	2018	22804904	2389758	586631	39576	0	US
10	311941	336350	2018	9994742	1012511	238992	18550	0	US
10	311942	337122	2018	12810162	1377247	347639	21026	0	US
10	31199	327410	2018	29797835	3645298	873217	82371	0	US
10	311991	335121	2018	17301725	2337475	553318	56677	0	US
10	311999	33151	2018	12496109	1307822	319898	25694	0	US
10	312	3313	2018	156130798	11731452	2873633	221186	0	US
10	3121	325220	2018	108884165	10814483	2594391	207948	0	US
10	31211	331222	2018	44179085	4055967	977112	76212	0	US
10	312111	333131	2018	37254605	3258690	794403	59191	0	US
10	312112	33531	2018	6041665	575351	140891	11793	0	US
10	312113	332812	2018	882815	221926	41818	5228	0	US
10	31212	3231	2018	30834473	3180317	782303	69574	0	US
10	312120	3212	2018	30834473	3180317	782303	69574	0	US
10	31213	33291	2018	20682375	2787811	649975	49950	0	US
10	312130	332992	2018	20682375	2787811	649975	49950	0	US
10	31214	336414	2018	13188232	790388	185001	12211	0	US
10	312140	332321	2018	13188232	790388	185001	12211	0	US
10	3122	33994	2018	47246633	916969	279243	13239	0	US
10	31223	326121	2018	47246633	916969	279243	13239	0	US
10	312230	325180	2018	47246633	916969	279243	13239	0	US
10	313	312120	2018	27811403	4014071	1008058	90474	0	US
10	3131	3118	2018	6886303	806678	199283	20666	0	US
10	31311	334517	2018	6886303	806678	199283	20666	0	US
10	313110	315210	2018	6886303	806678	199283	20666	0	US
10	3132	31412	2018	13296725	1985202	504674	43354	0	US
10	31321	332912	2018	3818540	647933	160088	15782	0	US
10	313210	336330	2018	3818540	647933	160088	15782	0	US
10	31322	3346	2018	946351	203305	52030	4898	0	US
10	313220	334614	2018	946351	203305	52030	4898	0	US
10	31323	332119	2018	7154664	871193	228769	16375	0	US
10	313230	326291	2018	7154664	871193	228769	16375	0	US
10	31324	339920	2018	1377170	262772	63787	6299	0	US
10	313240	31332	2018	1377170	262772	63787	6299	0	US
10	3133	334118	2018	7628374	1222190	304101	26454	0	US
10	31331	3345	2018	5059911	813647	205243	19478	0	US
10	313310	334210	2018	5059911	813647	205243	19478	0	US
10	31332	33272	2018	2568463	408544	98858	6977	0	US
10	313320	3339	2018	2568463	408544	98858	6977	0	US
10	314	31322	2018	22658822	4036856	981942	102395	0	US
10	3141	311813	2018	12855628	1865915	464995	46934	0	US
10	31411	311919	2018	9232905	1176617	294568	26538	0	US
10	314110	333414	2018	9232905	1176617	294568	26538	0	US
10	31412	321920	2018	3622723	689298	170427	20396	0	US
10	314120	3117	2018	3622723	689298	170427	20396	0	US
10	3149	33152	2018	9803194	2170941	516947	55461	0	US
10	31491	33312	2018	3197758	787311	177523	19431	0	US
10	314910	32511	2018	3197758	787311	177523	19431	0	US
10	31499	333413	2018	6605435	1383629	339424	36029	0	US
10	314994	311514	2018	1670285	289997	76897	5846	0	US
10	314999	3326	2018	4935150	1093633	262527	30183	0	US
10	315	324122	2018	9740308	2526751	610535	78525	0	US
10	3151	311821	2018	1180860	314509	76306	10429	0	US
10	31511	327120	2018	929643	249107	59687	8372	0	US
10	315110	331491	2018	929643	249107	59687	8372	0	US
10	31519	311511	2018	251217	65402	16619	2057	0	US
10	315190	311352	2018	251217	65402	16619	2057	0	US
10	3152	33261	2018	7493817	1970428	474078	60266	0	US
10	31521	333314	2018	1930194	669030	157291	24191	0	US
10	315210	333613	2018	1930194	669030	157291	24191	0	US
10	31522	324	2018	1556926	452657	109122	15425	0	US
10	315220	311830	2018	1556926	452657	109122	15425	0	US
10	31524	311613	2018	2839408	584991	142247	13283	0	US
10	315240	32619	2018	2839408	584991	142247	13283	0	US
10	31528	322212	2018	1167290	263750	65418	7367	0	US
10	315280	322110	2018	1167290	263750	65418	7367	0	US
10	3159	333611	2018	1065631	241815	60151	7830	0	US
10	31599	31611	2018	1065631	241815	60151	7830	0	US
10	315990	33991	2018	1065631	241815	60151	7830	0	US
10	316	336992	2018	4601292	1002074	247392	26035	0	US
10	3161	3117	2018	1270784	140457	32502	3273	0	US
10	31611	32621	2018	1270784	140457	32502	3273	0	US
10	316110	32613	2018	1270784	140457	32502	3273	0	US
10	3162	313110	2018	1768800	457465	117578	12192	0	US
10	31621	325613	2018	1768800	457465	117578	12192	0	US
10	316210	313	2018	1768800	457465	117578	12192	0	US
10	3169	3149	2018	1561708	404151	97312	10570	0	US
10	31699	31191	2018	1561708	404151	97312	10570	0	US
10	316992	333511	2018	355393	70932	20137	1576	0	US
10	316998	3241	2018	1206315	333219	77175	8994	0	US
10	321	33142	2018	114213352	17580031	4157465	402450	0	US
10	3211	339940	2018	34996566	4276876	1038725	86828	0	US
10	32111	327332	2018	34996566	4276876	1038725	86828	0	US
10	321113	3169	2018	28101457	3747438	910792	75313	0	US
10	321114	311211	2018	6895109	529438	127932	11515	0	US
10	3212	335312	2018	25287893	3575006	847521	76412	0	US
10	32121	334412	2018	25287893	3575006	847521	76412	0	US
10	321211	336370	2018	3131686	489488	120125	11567	0	US
10	321212	332431	2018	4321137	645059	164729	12650	0	US
10	321213	33411	2018	2578066	281582	69181	5557	0	US
10	321214	336612	2018	7161813	1336149	267561	33197	0	US
10	321219	32312	2018	8095191	822727	225926	13441	0	US
10	3219	313210	2018	53928894	9728149	2271219	239210	0	US
10	32191	311111	2018	26670178	4593063	1080403	107997	0	US
10	321911	327991	2018	13283582	2474312	579529	54155	0	US
10	321912	3273	2018	6002482	861065	199785	21693	0	US
10	321918	326220	2018	7384114	1257686	301089	32148	0	US
10	32192	337212	2018	10154220	1968164	462472	53997	0	US
10	321920	3119	2018	10154220	1968164	462472	53997	0	US
10	32199	332322	2018	17104495	3166922	728343	77216	0	US
10	321991	325	2018	4832708	979861	218050	22943	0	US
10	321992	326113	2018	4328457	809322	181442	17992	0	US
10	321999	325612	2018	7943329	1377740	328851	36281	0	US
10	322	335311	2018	191414905	21554538	5501635	328768	0	US
10	3221	3342	2018	77886570	7619110	1952798	91904	0	US
10	32211	311352	2018	6837884	841278	201065	9260	0	US
10	322110	326299	2018	6837884	841278	201065	9260	0	US
10	32212	3272	2018	36751599	3618295	955420	46330	0	US
10	322121	31171	2018	35717353	3519853	926264	45230	0	US
10	322122	326112	2018	1034246	98442	29156	1100	0	US
10	32213	333414	2018	34297086	3159537	796313	36314	0	US
10	322130	332431	2018	34297086	3159537	796313	36314	0	US
10	3222	33281	2018	113528335	13935428	3548837	236864	0	US
10	32221	327211	2018	67556104	8376861	2120345	139946	0	US
10	322211	3363	2018	38757486	4651473	1183861	75121	0	US
10	322212	325620	2018	21239697	2819715	717085	46773	0	US
10	322219	333613	2018	7558921	905674	219399	18052	0	US
10	32222	332721	2018	23345495	2976202	766436	49440	0	US
10	322220	337121	2018	23345495	2976202	766436	49440	0	US
10	32223	321114	2018	5789792	733881	180339	15256	0	US
10	322230	321991	2018	5789792	733881	180339	15256	0	US
10	32229	3315	2018	16836945	1848483	481717	32222	0	US
10	322291	325520	2018	12092257	1076834	289152	17618	0	US
10	322299	32739	2018	4744688	771650	192565	14605	0	US
10	323	33331	2018	83310469	20962094	5158594	420133	0	US
10	3231	327310	2018	83310469	20962094	5158594	420133	0	US
10	32311	311513	2018	80394828	19926373	4907589	398717	0	US
10	323111	325193	2018	66990907	16577318	4109451	315535	0	US
10	323113	332911	2018	8869763	2259622	528475	61017	0	US
10	323117	336111	2018	4534159	1089433	269663	22165	0	US
10	32312	33122	2018	2915640	1035721	251004	21416	0	US
10	323120	3366	2018	2915640	1035721	251004	21416	0	US
10	324	335313	2018	672627047	11367943	3249998	107735	0	US
10	3241	331314	2018	672627047	11367943	3249998	107735	0	US
10	32411	335921	2018	624724725	8300210	2519022	65474	0	US
10	324110	33461	2018	624724725	8300210	2519022	65474	0	US
10	32412	31511	2018	24935817	1763423	398354	26049	0	US
10	324121	331410	2018	13919254	1042352	211490	15912	0	US
10	324122	326122	2018	11016563	721071	186864	10136	0	US
10	32419	32192	2018	22966505	1304309	332622	16211	0	US
10	324191	334111	2018	18425065	1075761	273702	13005	0	US
10	324199	316	2018	4541440	228549	58920	3206	0	US
10	325	337214	2018	758063316	60701944	16166570	761701	0	US
10	3251	332510	2018	230686282	13431425	3567820	146630	0	US
10	32511	32799	2018	58821513	1201558	330755	9189	0	US
10	325110	32721	2018	58821513	1201558	330755	9189	0	US
10	32512	332117	2018	8825127	933626	228418	12475	0	US
10	325120	32614	2018	8825127	933626	228418	12475	0	US
10	32513	333611	2018	6095878	627022	162666	7688	0	US
10	325130	3335	2018	6095878	627022	162666	7688	0	US
10	32518	31194	2018	34869685	3369254	903474	38162	0	US
10	325180	335311	2018	34869685	3369254	903474	38162	0	US
10	32519	337920	2018	122074079	7299965	1942508	79116	0	US
10	325193	312111	2018	31366652	797448	213948	10871	0	US
10	325194	32612	2018	6173853	489185	121925	5054	0	US
10	325199	322220	2018	84533574	6013332	1606635	63190	0	US
10	3252	3111	2018	109692840	7669320	2056692	93197	0	US
10	32521	3341	2018	103249131	7008194	1895302	80825	0	US
10	325211	33512	2018	94852760	6217567	1679392	71095	0	US
10	325212	32591	2018	8396371	790628	215911	9730	0	US
10	32522	3252	2018	6443709	661126	161389	12372	0	US
10	325220	311611	2018	6443709	661126	161389	12372	0	US
10	3253	327420	2018	32589952	2419159	618174	32948	0	US
10	32531	322110	2018	17982488	1566528	404502	20907	0	US
10	325311	3211	2018	6980879	528315	143459	6210	0	US
10	325312	311919	2018	6073654	540864	141305	5802	0	US
10	325314	3333	2018	4927955	497349	119738	8896	0	US
10	32532	325411	2018	14607464	852632	213671	12041	0	US
10	325320	311613	2018	14607464	852632	213671	12041	0	US
10	3254	33441	2018	209256454	21392571	5861353	243931	0	US
10	32541	332410	2018	209256454	21392571	5861353	243931	0	US
10	325411	3262	2018	11992741	1914833	509188	26324	0	US
10	325412	33399	2018	153347176	12158619	3302976	141047	0	US
10	325413	32733	2018	13392570	2684255	759646	28510	0	US
10	325414	33221	2018	30523968	4634863	1289544	48051	0	US
10	3255	316110	2018	43059295	4093722	1103272	59989	0	US
10	32551	33792	2018	27352252	2369070	652099	35569	0	US
10	325510	335991	2018	27352252	2369070	652099	35569	0	US
10	32552	312230	2018	15707044	1724652	451172	24420	0	US
10	325520	33599	2018	15707044	1724652	451172	24420	0	US
10	3256	334	2018	85185672	6411864	1666188	102836	0	US
10	32561	339113	2018	38887393	3259336	836254	49480	0	US
10	325611	339999	2018	24795711	1636886	403255	26661	0	US
10	325612	334511	2018	6518700	1061458	281682	15929	0	US
10	325613	327991	2018	7572981	560992	151317	6890	0	US
10	32562	333992	2018	46298279	3152528	829934	53356	0	US
10	325620	311212	2018	46298279	3152528	829934	53356	0	US
10	3259	3262	2018	47592820	5283883	1293071	82169	0	US
10	32591	333	2018	4678660	665583	160683	10118	0	US
10	325910	32411	2018	4678660	665583	160683	10118	0	US
10	32592	334613	2018	2726787	499792	122150	7613	0	US
10	325920	3379	2018	2726787	499792	122150	7613	0	US
10	32599	332991	2018	40187373	4118508	1010238	64438	0	US
10	325991	31122	2018	11493397	1183581	280218	18719	0	US
10	325992	33313	2018	5961791	506412	121285	8552	0	US
10	325998	32742	2018	22732184	2428515	608735	37167	0	US
10	326	333996	2018	251621105	38211204	9496605	775936	0	US
10	3261	333992	2018	204595253	30686842	7654795	640987	0	US
10	32611	3329	2018	41022197	5202811	1319796	94904	0	US
10	326111	334310	2018	11281340	1467083	353843	30742	0	US
10	326112	3212	2018	13838626	1835281	460246	31689	0	US
10	326113	335911	2018	15902231	1900447	505707	32473	0	US
10	32612	3271	2018	20808328	2190429	535876	40216	0	US
10	326121	333111	2018	8477168	1034330	252437	17772	0	US
10	326122	333415	2018	12331160	1156099	283438	22444	0	US
10	32613	313220	2018	4314372	679745	179916	11756	0	US
10	326130	321113	2018	4314372	679745	179916	11756	0	US
10	32614	3314	2018	9487292	1248376	299260	28014	0	US
10	326140	334519	2018	9487292	1248376	299260	28014	0	US
10	32615	325412	2018	11448404	1466103	392651	31285	0	US
10	326150	326121	2018	11448404	1466103	392651	31285	0	US
10	32616	339930	2018	11317480	1409743	352048	26841	0	US
10	326160	321113	2018	11317480	1409743	352048	26841	0	US
10	32619	322130	2018	106197180	18489635	4575249	407971	0	US
10	326191	333120	2018	4718632	810720	189356	18407	0	US
10	326199	332919	2018	101478548	17678915	4385894	389564	0	US
10	3262	31152	2018	47025852	7524362	1841810	134949	0	US
10	32621	3339	2018	22378411	3301780	782083	53004	0	US
10	326211	315240	2018	20757693	3009195	716833	46328	0	US
10	326212	325130	2018	1620718	292585	65250	6676	0	US
10	32622	31324	2018	5730931	1072456	273448	20286	0	US
10	326220	31323	2018	5730931	1072456	273448	20286	0	US
10	32629	331314	2018	18916510	3150126	786279	61659	0	US
10	326291	33633	2018	8310117	1492767	365572	31804	0	US
10	326299	32551	2018	10606393	1657359	420707	29854	0	US
10	327	334111	2018	130152791	21737718	5216055	401203	0	US
10	3271	33299	2018	8374143	1750164	429875	35476	0	US
10	32711	313	2018	2444074	583859	140474	12378	0	US
10	327110	33341	2018	2444074	583859	140474	12378	0	US
10	32712	333921	2018	5930068	1166305	289402	23098	0	US
10	327120	31522	2018	5930068	1166305	289402	23098	0	US
10	3272	333995	2018	27649065	5046534	1312246	93864	0	US
10	32721	321912	2018	27649065	5046534	1312246	93864	0	US
10	327211	3331	2018	4358026	619796	164048	12259	0	US
10	327212	33429	2018	3960443	755740	192990	13593	0	US
10	327213	336212	2018	4626329	897323	240023	13208	0	US
10	327215	311313	2018	14704266	2773674	715185	54804	0	US
10	3273	334514	2018	61478758	9779239	2194317	181484	0	US
10	32731	311230	2018	8531996	1029086	251560	15658	0	US
10	327310	311411	2018	8531996	1029086	251560	15658	0	US
10	32732	332999	2018	32360283	4534788	943460	82639	0	US
10	327320	31621	2018	32360283	4534788	943460	82639	0	US
10	32733	333991	2018	6836693	1182334	275883	23893	0	US
10	327331	332312	2018	4852420	823458	192470	15760	0	US
10	327332	3114	2018	1984273	358876	83413	8134	0	US
10	32739	336510	2018	13749786	3033031	723413	59294	0	US
10	327390	31524	2018	13749786	3033031	723413	59294	0	US
10	3274	325411	2018	8429492	987297	250794	13193	0	US
10	32741	322219	2018	2394609	303607	74600	4172	0	US
10	327410	331221	2018	2394609	303607	74600	4172	0	US
10	32742	325220	2018	6034883	683690	176194	9021	0	US
10	327420	327	2018	6034883	683690	176194	9021	0	US
10	3279	3399	2018	24221333	4174485	1028822	77186	0	US
10	32791	311221	2018	4468104	707030	180360	11313	0	US
10	327910	332618	2018	4468104	707030	180360	11313	0	US
10	32799	327212	2018	19753229	3467455	848463	65873	0	US
10	327991	333993	2018	5092606	1428443	338619	30453	0	US
10	327992	32221	2018	4050708	556147	155289	9148	0	US
10	327993	31131	2018	6113064	929219	220635	14146	0	US
10	327999	316110	2018	4496851	553646	133920	12126	0	US
10	331	3334	2018	253346894	24087433	6021569	365673	0	US
10	3311	336211	2018	102481444	7373567	1865349	84015	0	US
10	33111	331	2018	102481444	7373567	1865349	84015	0	US
10	331110	332111	2018	102481444	7373567	1865349	84015	0	US
10	3312	322122	2018	27449719	3008071	738148	49713	0	US
10	33121	325130	2018	14097369	1650455	407926	25374	0	US
10	331210	325314	2018	14097369	1650455	407926	25374	0	US
10	33122	325199	2018	13352349	1357616	330222	24339	0	US
10	331221	3361	2018	6895195	589394	142238	9507	0	US
10	331222	3169	2018	6457155	768222	187984	14832	0	US
10	3313	331512	2018	41954199	3713056	929465	58980	0	US
10	33131	337124	2018	41954199	3713056	929465	58980	0	US
10	331313	323	2018	3268798	323156	87159	4172	0	US
10	331314	314110	2018	6420817	350775	90136	5845	0	US
10	331315	312111	2018	19014383	1489730	370686	18845	0	US
10	331318	334	2018	13250201	1549395	381484	30118	0	US
10	3314	326	2018	50088944	3613929	909838	56290	0	US
10	33141	311830	2018	12214243	547836	144943	7811	0	US
10	331410	311710	2018	12214243	547836	144943	7811	0	US
10	33142	31191	2018	23491897	1448730	368794	24545	0	US
10	331420	337215	2018	23491897	1448730	368794	24545	0	US
10	33149	3121	2018	14382804	1617364	396101	23933	0	US
10	331491	3274	2018	6700827	1009125	244440	14677	0	US
10	331492	31131	2018	7681977	608239	151661	9256	0	US
10	3315	31151	2018	31372589	6378809	1578769	116674	0	US
10	33151	333519	2018	18130155	3606916	876175	61534	0	US
10	331511	311911	2018	10576243	2063690	498173	34820	0	US
10	331512	333922	2018	3936978	836622	199447	14801	0	US
10	331513	325211	2018	3616934	706605	178555	11913	0	US
10	33152	334413	2018	13242434	2771893	702594	55140	0	US
10	331523	33721	2018	7475756	1584807	406787	31857	0	US
10	331524	332919	2018	3029973	733131	174784	14684	0	US
10	331529	311611	2018	2736705	453955	121024	8599	0	US
10	332	312113	2018	372868338	77203524	18733697	1391265	0	US
10	3321	33632	2018	33553806	5802626	1415416	103760	0	US
10	33211	324199	2018	33553806	5802626	1415416	103760	0	US
10	332111	336413	2018	9215121	1292865	322707	21304	0	US
10	332112	325194	2018	2512202	390685	101980	6087	0	US
10	332114	311612	2018	7507600	996139	241135	17542	0	US
10	332117	339116	2018	2442749	521757	122046	10225	0	US
10	332119	32562	2018	11876134	2601181	627548	48602	0	US
10	3322	337212	2018	9996673	1826194	465405	34329	0	US
10	33221	336120	2018	9996673	1826194	465405	34329	0	US
10	332215	316210	2018	3316427	378732	101794	6772	0	US
10	332216	3222	2018	6680246	1447462	363611	27557	0	US
10	3323	31499	2018	97709710	19355327	4605429	358790	0	US
10	33231	332321	2018	51929701	9338388	2248599	165949	0	US
10	332311	32518	2018	8477497	1442114	346350	26497	0	US
10	332312	31121	2018	35249029	5892259	1421357	101460	0	US
10	332313	331313	2018	8203174	2004014	480892	37992	0	US
10	33232	312140	2018	45780009	10016939	2356830	192841	0	US
10	332321	325413	2018	12961188	2701472	648037	52020	0	US
10	332322	33241	2018	24949297	5489535	1277675	106508	0	US
10	332323	33631	2018	7869524	1825932	431118	34314	0	US
10	3324	33461	2018	36409625	5434618	1342332	85371	0	US
10	33241	32211	2018	7627472	1587790	404768	23356	0	US
10	332410	32733	2018	7627472	1587790	404768	23356	0	US
10	33242	33995	2018	9709523	2058836	493410	34036	0	US
10	332420	33399	2018	9709523	2058836	493410	34036	0	US
10	33243	334417	2018	19072630	1787992	444153	27979	0	US
10	332431	311213	2018	15783927	1252657	313616	17489	0	US
10	332439	3151	2018	3288704	535335	130537	10490	0	US
10	3325	333515	2018	9129923	1526018	370296	29843	0	US
10	33251	332114	2018	9129923	1526018	370296	29843	0	US
10	332510	33281	2018	9129923	1526018	370296	29843	0	US
10	3326	339	2018	10003275	1918858	461498	38208	0	US
10	33261	327390	2018	10003275	1918858	461498	38208	0	US
10	332613	32531	2018	4457221	897694	212791	17616	0	US
10	332618	336320	2018	5546054	1021165	248707	20593	0	US
10	3327	322230	2018	72630014	20561560	4910839	372047	0	US
10	33271	3379	2018	40573201	12594421	2975161	231959	0	US
10	332710	31599	2018	40573201	12594421	2975161	231959	0	US
10	33272	33635	2018	32056813	7967139	1935678	140087	0	US
10	332721	3259	2018	20724133	5776095	1389908	104319	0	US
10	332722	339995	2018	11332679	2191044	545770	35768	0	US
10	3328	33591	2018	28269324	6088455	1487694	122199	0	US
10	33281	333241	2018	28269324	6088455	1487694	122199	0	US
10	332811	333132	2018	5690041	1194195	297141	20478	0	US
10	332812	321999	2018	14937169	2610021	638994	52090	0	US
10	332813	327910	2018	7642114	2284238	551560	49630	0	US
10	3329	32741	2018	75165988	14689868	3674788	246717	0	US
10	33291	33131	2018	33251101	5887312	1503581	90873	0	US
10	332911	333318	2018	12733114	2279270	602509	34815	0	US
10	332912	334419	2018	11254158	2393045	597111	35187	0	US
10	332913	332	2018	5263599	507134	135292	9044	0	US
10	332919	33637	2018	4000231	707863	168670	11828	0	US
10	33299	331221	2018	41914886	8802556	2171207	155843	0	US
10	332991	333112	2018	6431827	1142406	284745	20704	0	US
10	332992	316210	2018	3959592	630265	166993	11852	0	US
10	332993	33791	2018	3242498	976194	249347	12537	0	US
10	332994	33531	2018	6120498	1146894	284512	18213	0	US
10	332996	32518	2018	6844150	1516093	380179	26849	0	US
10	332999	326150	2018	15316320	3390705	805431	65688	0	US
10	333	3113	2018	390434595	67106515	16836361	1042126	0	US
10	3331	33251	2018	92101680	11211250	2792058	184077	0	US
10	33311	311213	2018	36727796	3950554	976792	72759	0	US
10	333111	339991	2018	28939188	3283357	811670	55097	0	US
10	333112	33991	2018	7788608	667197	165122	17662	0	US
10	33312	311511	2018	34815997	3766104	943736	60377	0	US
10	333120	3327	2018	34815997	3766104	943736	60377	0	US
10	33313	335911	2018	20557887	3494592	871531	50942	0	US
10	333131	33511	2018	4981177	888588	231707	14421	0	US
10	333132	3141	2018	15576710	2606004	639824	36521	0	US
10	3332	336214	2018	36273308	8729357	2351219	109002	0	US
10	33324	3211	2018	36273308	8729357	2351219	109002	0	US
10	333241	3332	2018	5690589	1234243	311905	17660	0	US
10	333242	334510	2018	9358428	2637061	821129	19391	0	US
10	333243	31135	2018	3700737	858958	214070	12375	0	US
10	333244	333316	2018	1804592	425571	109404	6392	0	US
10	333249	33151	2018	15718961	3573524	894711	53183	0	US
10	3333	3161	2018	26360338	4853432	1187199	74960	0	US
10	33331	324121	2018	26360338	4853432	1187199	74960	0	US
10	333314	311313	2018	4902505	1152244	277684	15548	0	US
10	333316	32522	2018	1268084	207063	51559	3460	0	US
10	333318	3324	2018	20189749	3494125	857955	55952	0	US
10	3334	3323	2018	44149565	6708693	1661485	133576	0	US
10	33341	3219	2018	44149565	6708693	1661485	133576	0	US
10	333413	323113	2018	6136820	1241372	296774	24504	0	US
10	333414	311999	2018	4590194	775836	192232	13999	0	US
10	333415	31192	2018	33422551	4691485	1172478	95074	0	US
10	3335	32599	2018	33371316	9070025	2207356	147853	0	US
10	33351	311710	2018	33371316	9070025	2207356	147853	0	US
10	333511	332913	2018	6617590	2024632	494878	35800	0	US
10	333514	31213	2018	9326310	2819169	691258	45986	0	US
10	333515	32629	2018	5599267	1581384	389676	26556	0	US
10	333517	3325	2018	8249223	1750494	415344	26735	0	US
10	333519	311821	2018	3578926	894345	216201	12776	0	US
10	3336	324122	2018	47930754	6533226	1678666	98084	0	US
10	33361	327420	2018	47930754	6533226	1678666	98084	0	US
10	333611	31134	2018	10532008	2474001	651537	31668	0	US
10	333612	325611	2018	3481561	689182	166772	11617	0	US
10	333613	3132	2018	4905701	982560	238785	15778	0	US
10	333618	333921	2018	29011484	2387482	621572	39021	0	US
10	3339	327215	2018	110247635	20000534	4958378	294575	0	US
10	33391	32519	2018	28520137	4145143	1064029	59380	0	US
10	333912	311340	2018	9791855	1427356	354234	20524	0	US
10	333914	3118	2018	18728282	2717787	709796	38856	0	US
10	33392	31411	2018	32462132	5724440	1420706	90948	0	US
10	333921	327	2018	3346156	554971	131135	9319	0	US
10	333922	31183	2018	10412597	2472834	591413	36386	0	US
10	333923	31491	2018	7979416	1081267	310550	18251	0	US
10	333924	315	2018	10723964	1615369	387608	26992	0	US
10	33399	325212	2018	49265366	10130950	2473643	144247	0	US
10	333991	32513	2018	3512335	406743	102867	7209	0	US
10	333992	321	2018	5613234	1058838	247564	14880	0	US
10	333993	333244	2018	7137563	1427156	359426	20166	0	US
10	333994	315110	2018	2652572	719791	188142	10852	0	US
10	333995	334112	2018	7620851	1674475	402665	21839	0	US
10	333996	33221	2018	4582620	769264	184384	10513	0	US
10	333997	323	2018	1040825	200209	52095	3127	0	US
10	333999	335122	2018	17105365	3874474	936499	55662	0	US
10	334	331318	2018	315840774	65865931	16978691	797788	0	US
10	3341	32711	2018	21123188	3203035	808080	39777	0	US
10	33411	311930	2018	21123188	3203035	808080	39777	0	US
10	334111	334418	2018	9639065	1347394	344168	16649	0	US
10	334112	3322	2018	4836867	517401	138545	6260	0	US
10	334118	335129	2018	6647256	1338240	325366	16869	0	US
10	3342	339994	2018	35320148	7500045	1915035	84247	0	US
10	33421	321911	2018	4359709	903376	211538	11846	0	US
10	334210	326111	2018	4359709	903376	211538	11846	0	US
10	33422	325910	2018	26841246	5809608	1505909	61135	0	US
10	334220	332216	2018	26841246	5809608	1505909	61135	0	US
10	33429	32229	2018	4119193	787061	197587	11266	0	US
10	334290	339992	2018	4119193	787061	197587	11266	0	US
10	3343	336414	2018	3201791	628041	156928	10542	0	US
10	33431	334519	2018	3201791	628041	156928	10542	0	US
10	334310	31521	2018	3201791	628041	156928	10542	0	US
10	3344	31123	2018	100501987	20705947	5510851	265605	0	US
10	33441	339910	2018	100501987	20705947	5510851	265605	0	US
10	334412	332721	2018	4487517	1130171	288835	22493	0	US
10	334413	315280	2018	52713572	11384464	3203706	105467	0	US
10	334416	31412	2018	4170472	961291	237306	18731	0	US
10	334417	321918	2018	5637260	1235364	315899	17812	0	US
10	334418	33639	2018	20501877	2829936	673017	48591	0	US
10	334419	32561	2018	12991288	3164721	792088	52511	0	US
10	3345	31193	2018	153997706	33402253	8480642	389747	0	US
10	33451	325110	2018	153997706	33402253	8480642	389747	0	US
10	334510	333249	2018	34564459	7047648	1791579	85045	0	US
10	334511	327332	2018	50864972	11544742	2958501	120371	0	US
10	334512	33429	2018	3066956	875985	256954	11402	0	US
10	334513	315190	2018	11167064	2559685	668056	34700	0	US
10	334514	3162	2018	5391724	882317	218687	12585	0	US
10	334515	3119	2018	11436218	2628435	630696	30390	0	US
10	334516	334118	2018	16265049	3707055	916946	44081	0	US
10	334517	3325	2018	7988633	1239183	310000	14728	0	US
10	334519	333999	2018	13252630	2917203	729224	36444	0	US
10	3346	333120	2018	1695953	426611	107156	7871	0	US
10	33461	33591	2018	1695953	426611	107156	7871	0	US
10	334613	334516	2018	338641	36585	8595	512	0	US
10	334614	33149	2018	1357312	390026	98561	7359	0	US
10	335	333241	2018	129719356	20624847	5161628	344926	0	US
10	3351	312	2018	14264428	2494909	601992	41229	0	US
10	33511	31194	2018	1753121	267365	68570	4112	0	US
10	335110	333912	2018	1753121	267365	68570	4112	0	US
10	33512	334412	2018	12511307	2227544	533422	37118	0	US
10	335121	336415	2018	2016360	313742	72034	6296	0	US
10	335122	32312	2018	5586609	1125174	277455	18365	0	US
10	335129	31161	2018	4908339	788628	183933	12457	0	US
10	3352	335991	2018	23383498	2476596	648529	52311	0	US
10	33521	3256	2018	3832454	442424	122152	9916	0	US
10	335210	3359	2018	3832454	442424	122152	9916	0	US
10	33522	322	2018	19551044	2034172	526377	42395	0	US
10	335220	31213	2018	19551044	2034172	526377	42395	0	US
10	3353	311811	2018	40073183	6917516	1733315	111992	0	US
10	33531	322299	2018	40073183	6917516	1733315	111992	0	US
10	335311	332994	2018	5625040	1013431	252357	17985	0	US
10	335312	33911	2018	10803246	1719233	428308	29002	0	US
10	335313	31522	2018	13122376	1959193	491552	30621	0	US
10	335314	33621	2018	10522522	2225659	561099	34384	0	US
10	3359	33636	2018	51998246	8735826	2177791	139394	0	US
10	33591	311421	2018	10046411	1875408	464186	31687	0	US
10	335911	332813	2018	7771803	1445455	346664	25639	0	US
10	335912	334614	2018	2274608	429953	117522	6048	0	US
10	33592	335931	2018	11242243	1432378	356511	24200	0	US
10	335921	337215	2018	2901202	408085	96219	6829	0	US
10	335929	336370	2018	8341041	1024293	260292	17371	0	US
10	33593	32223	2018	14674785	2150943	517979	37932	0	US
10	335931	32519	2018	8939202	1457210	349039	25456	0	US
10	335932	31141	2018	5735583	693733	168940	12476	0	US
10	33599	311942	2018	16034807	3277097	839116	45575	0	US
10	335991	332812	2018	4467726	654992	160460	9672	0	US
10	335999	32561	2018	11567081	2622105	678656	35902	0	US
10	336	325311	2018	989981398	106827739	28690205	1569237	0	US
10	3361	311811	2018	347588886	16875754	4372917	217537	0	US
10	33611	333413	2018	315171307	14895084	3923323	187386	0	US
10	336111	32612	2018	108323824	6771687	1628140	81727	0	US
10	336112	31183	2018	206847483	8123397	2295183	105659	0	US
10	33612	3251	2018	32417580	1980670	449594	30151	0	US
10	336120	3231	2018	32417580	1980670	449594	30151	0	US
10	3362	32599	2018	50808643	7716110	1930036	157618	0	US
10	33621	315240	2018	50808643	7716110	1930036	157618	0	US
10	336211	335912	2018	15297208	2426100	602962	49020	0	US
10	336212	311225	2018	12069497	1737708	421193	38016	0	US
10	336213	325510	2018	5178109	651411	168204	13715	0	US
10	336214	335312	2018	18263830	2900891	737677	56867	0	US
10	3363	315280	2018	270159142	32456195	8252663	592583	0	US
10	33631	327120	2018	40184391	4130808	1096660	64038	0	US
10	336310	326212	2018	40184391	4130808	1096660	64038	0	US
10	33632	3312	2018	24009763	3036529	718377	57597	0	US
10	336320	325920	2018	24009763	3036529	718377	57597	0	US
10	33633	332992	2018	15805193	2006367	506710	37095	0	US
10	336330	31171	2018	15805193	2006367	506710	37095	0	US
10	33634	325612	2018	12239697	1256699	320832	24023	0	US
10	336340	327910	2018	12239697	1256699	320832	24023	0	US
10	33635	335921	2018	42689314	4876555	1336103	76833	0	US
10	336350	336991	2018	42689314	4876555	1336103	76833	0	US
10	33636	3162	2018	30128783	3465808	851192	72692	0	US
10	336360	337214	2018	30128783	3465808	851192	72692	0	US
10	33637	31122	2018	38327693	5944310	1532957	105656	0	US
10	336370	3312	2018	38327693	5944310	1532957	105656	0	US
10	33639	33661	2018	66774309	7739119	1889832	154648	0	US
10	336390	336213	2018	66774309	7739119	1889832	154648	0	US
10	3364	333996	2018	251069099	37552896	11025985	406212	0	US
10	33641	332811	2018	251069099	37552896	11025985	406212	0	US
10	336411	3323	2018	151871578	17324490	5238484	171972	0	US
10	336412	327331	2018	37430241	6116280	1740423	74474	0	US
10	336413	31151	2018	35132420	7832897	2110299	101995	0	US
10	336414	33635	2018	17901865	4277208	1403982	35899	0	US
10	336415	336360	2018	7468132	1679565	448722	17199	0	US
10	336419	337920	2018	1264864	322455	84076	4674	0	US
10	3365	333924	2018	12729207	1853074	445672	27267	0	US
10	33651	311211	2018	12729207	1853074	445672	27267	0	US
10	336510	33141	2018	12729207	1853074	445672	27267	0	US
10	3366	3271	2018	36373643	8280375	2128970	133182	0	US
10	33661	333242	2018	36373643	8280375	2128970	133182	0	US
10	336611	311351	2018	25084918	6464567	1702283	95452	0	US
10	336612	332	2018	11288725	1815808	426687	37730	0	US
10	3369	322122	2018	21252778	2093335	533963	34839	0	US
10	33699	32221	2018	21252778	2093335	533963	34839	0	US
10	336991	311225	2018	6610926	542975	133739	9373	0	US
10	336992	333914	2018	6034328	749409	195733	10019	0	US
10	336999	32419	2018	8607525	800951	204491	15447	0	US
10	337	339115	2018	77755883	16376636	4027290	384369	0	US
10	3371	3131	2018	40207945	8960126	2158192	229520	0	US
10	33711	331420	2018	15245502	3771078	883268	97981	0	US
10	337110	331513	2018	15245502	3771078	883268	97981	0	US
10	33712	32621	2018	24962443	5189047	1274924	131539	0	US
10	337121	313240	2018	12714344	2530109	623101	69611	0	US
10	337122	327390	2018	3831632	910868	221398	25318	0	US
10	337124	337124	2018	2301944	464132	112432	9640	0	US
10	337125	33592	2018	1107612	112873	27957	3010	0	US
10	337127	332119	2018	5006913	1171066	290036	23960	0	US
10	3372	322230	2018	28131184	6077324	1514370	122786	0	US
10	33721	333132	2018	28131184	6077324	1514370	122786	0	US
10	337211	312120	2018	2751696	542230	135725	12518	0	US
10	337212	336120	2018	8901052	2497376	597700	47439	0	US
10	337214	33712	2018	8034399	1332843	365504	26504	0	US
10	337215	3369	2018	8444037	1704876	415441	36325	0	US
10	3379	31-33	2018	9416754	1339186	354729	32064	0	US
10	33791	33243	2018	7061471	852451	236104	21130	0	US
10	337910	3371	2018	7061471	852451	236104	21130	0	US
10	33792	33621	2018	2355283	486735	118625	10934	0	US
10	337920	332813	2018	2355283	486735	118625	10934	0	US
10	339	322291	2018	153741167	30686208	7634601	527166	0	US
10	3391	311423	2018	92023378	17782420	4441031	268146	0	US
10	33911	33611	2018	92023378	17782420	4441031	268146	0	US
10	339112	335313	2018	41481657	7869686	1997334	113043	0	US
10	339113	32191	2018	34552907	5947966	1461724	76789	0	US
10	339114	313220	2018	4473628	877560	221736	13524	0	US
10	339115	3161	2018	6397805	1242247	317203	22697	0	US
10	339116	332313	2018	5117382	1844960	443034	42094	0	US
10	3399	333112	2018	61717790	12903788	3193570	259020	0	US
10	33991	336350	2018	7415583	1092645	268901	22981	0	US
10	339910	323120	2018	7415583	1092645	268901	22981	0	US
10	33992	3343	2018	10312941	1753137	473484	36462	0	US
10	339920	33521	2018	10312941	1753137	473484	36462	0	US
10	33993	33324	2018	1524687	272091	68554	5314	0	US
10	339930	331318	2018	1524687	272091	68554	5314	0	US
10	33994	32616	2018	3063089	514446	127214	9824	0	US
10	339940	331511	2018	3063089	514446	127214	9824	0	US
10	33995	3321	2018	12649262	3712738	880082	75487	0	US
10	339950	33995	2018	12649262	3712738	880082	75487	0	US
10	33999	325620	2018	26752227	5558731	1375335	108952	0	US
10	339991	336112	2018	7114382	1640103	406932	28473	0	US
10	339992	3255	2018	2133658	555192	137554	12155	0	US
10	339993	331512	2018	966167	207412	50384	3745	0	US
10	339994	32562	2018	2960285	455655	118861	9430	0	US
10	339995	334512	2018	678450	130121	33446	3008	0	US
10	339999	33149	2018	12899285	2570249	628158	52141	0	US
10	31-33	326160	2019	5731187355	699745812	179287080	11507413	0	US
10	311	33241	2019	794130354	70070750	17385762	1487229	0	US
10	3111	332911	2019	56457309	3006554	766943	55632	0	US
10	31111	3133	2019	56457309	3006554	766943	55632	0	US
10	311111	31182	2019	23494350	1462200	383963	27943	0	US
10	311119	332322	2019	32962958	1544355	382980	27689	0	US
10	3112	326111	2019	81901050	3452064	866568	51494	0	US
10	31121	339994	2019	17754174	1112787	273709	18553	0	US
10	311211	339991	2019	12704645	775255	188905	12212	0	US
10	311212	333318	2019	3925965	274182	67240	5415	0	US
10	311213	312112	2019	1123564	63350	17564	925	0	US
10	31122	311212	2019	54061476	1496599	378837	21842	0	US
10	311221	3322	2019	10013478	542624	144984	6322	0	US
10	311224	331523	2019	34930367	571897	140030	9372	0	US
10	311225	322219	2019	9117630	382078	93823	6148	0	US
10	31123	3361	2019	10085401	842678	214023	11099	0	US
10	311230	326140	2019	10085401	842678	214023	11099	0	US
10	3113	336211	2019	38868977	3985859	1001765	81255	0	US
10	31131	335929	2019	10454730	812694	207842	13705	0	US
10	311313	33121	2019	3840502	355891	91481	6308	0	US
10	311314	326112	2019	6614228	456803	116361	7397	0	US
10	31134	334413	2019	10622228	1123954	274700	22353	0	US
10	311340	33632	2019	10622228	1123954	274700	22353	0	US
10	31135	333111	2019	17792019	2049211	519222	45197	0	US
10	311351	3332	2019	4609031	495087	134346	8255	0	US
10	311352	331315	2019	13182988	1554125	384876	36942	0	US
10	3114	331491	2019	72528590	7565360	1848287	154963	0	US
10	31141	311991	2019	32394644	3806410	965108	82672	0	US
10	311411	32611	2019	12628357	1236832	297561	26784	0	US
10	311412	33634	2019	19766288	2569578	667547	55887	0	US
10	31142	31599	2019	40133946	3758950	883179	72292	0	US
10	311421	326191	2019	25280171	2430882	541042	45318	0	US
10	311422	31311	2019	8250605	614571	163881	11746	0	US
10	311423	311412	2019	6603171	713497	178256	15227	0	US
10	3115	32541	2019	122059508	8282807	2099139	149282	0	US
10	31151	335314	2019	113939076	7263434	1841377	128083	0	US
10	311511	33272	2019	38185509	3146143	804007	55254	0	US
10	311512	327213	2019	7154917	219678	54851	3765	0	US
10	311513	32731	2019	51536790	2915195	721133	52338	0	US
10	311514	31123	2019	17061860	982418	261386	16726	0	US
10	31152	336111	2019	8120431	1019374	257762	21199	0	US
10	311520	336310	2019	8120431	1019374	257762	21199	0	US
10	3116	314994	2019	220160989	20831478	5123519	503907	0	US
10	31161	333514	2019	220160989	20831478	5123519	503907	0	US
10	311611	3222	2019	96486633	6899051	1683934	145121	0	US
10	311612	33721	2019	54305849	5331916	1289163	115493	0	US
10	311613	339114	2019	4453182	524904	129094	9333	0	US
10	311615	327110	2019	64915324	8075607	2021327	233960	0	US
10	3117	33451	2019	13659961	1556301	384428	32036	0	US
10	31171	33392	2019	13659961	1556301	384428	32036	0	US
10	311710	325211	2019	13659961	1556301	384428	32036	0	US
10	3118	31311	2019	70841573	11152124	2768436	260393	0	US
10	31181	326113	2019	43497296	7840925	1917285	191537	0	US
10	311811	326130	2019	5215028	1597560	372706	61072	0	US
10	311812	321912	2019	32105653	5302578	1313525	108516	0	US
10	311813	3256	2019	6176615	940787	231053	21949	0	US
10	31182	333618	2019	22814429	2538770	669041	49848	0	US
10	311821	336214	2019	10870816	1434242	375847	29136	0	US
10	311824	325998	2019	11943613	1104528	293193	20712	0	US
10	31183	336411	2019	4529848	772429	182111	19008	0	US
10	311830	31142	2019	4529848	772429	182111	19008	0	US
10	3119	311520	2019	117652397	10238203	2526677	198267	0	US
10	31191	31511	2019	39516951	2710199	664531	56397	0	US
10	311911	33512	2019	14727387	869709	213176	18941	0	US
10	311919	3149	2019	24789563	1840490	451355	37456	0	US
10	31192	336611	2019	11709169	989060	247544	17704	0	US
10	311920	31321	2019	11709169	989060	247544	17704	0	US
10	31193	332410	2019	11632748	497928	116883	7496	0	US
10	311930	33994	2019	11632748	497928	116883	7496	0	US
10	31194	327310	2019	23968735	2442875	613766	40115	0	US
10	311941	332323	2019	10891765	1043490	241765	19895	0	US
10	311942	336360	2019	13076970	1399385	372001	20220	0	US
10	31199	3371	2019	30824796	3598142	883953	76555	0	US
10	311991	33312	2019	17765461	2214881	554927	50651	0	US
10	311999	332439	2019	13059334	1383261	329026	25904	0	US
10	312	33522	2019	155269138	11990982	3025474	218916	0	US
10	3121	336213	2019	108966863	11128659	2753867	206979	0	US
10	31211	32732	2019	45135154	3996594	988140	76031	0	US
10	312111	3122	2019	37600683	3283095	796750	60613	0	US
10	312112	334515	2019	6624027	486105	146907	10939	0	US
10	312113	33141	2019	910444	227394	44483	4480	0	US
10	31212	31528	2019	29901830	3334581	807910	69353	0	US
10	312120	33411	2019	29901830	3334581	807910	69353	0	US
10	31213	32199	2019	19694266	2915158	750714	48601	0	US
10	312130	321999	2019	19694266	2915158	750714	48601	0	US
10	31214	32742	2019	14235613	882326	207102	12993	0	US
10	312140	339116	2019	14235613	882326	207102	12993	0	US
10	3122	332996	2019	46302275	862323	271607	11938	0	US
10	31223	335122	2019	46302275	862323	271607	11938	0	US
10	312230	337125	2019	46302275	862323	271607	11938	0	US
10	313	311	2019	27062230	3933016	1000112	87668	0	US
10	3131	333991	2019	6440047	773541	192331	20232	0	US
10	31311	333995	2019	6440047	773541	192331	20232	0	US
10	313110	315990	2019	6440047	773541	192331	20232	0	US
10	3132	3353	2019	13115864	1965689	504754	42378	0	US
10	31321	326199	2019	3697567	605410	155438	14514	0	US
10	313210	324191	2019	3697567	605410	155438	14514	0	US
10	31322	33391	2019	972255	213180	53633	5044	0	US
10	313220	332913	2019	972255	213180	53633	5044	0	US
10	31323	33593	2019	7162040	906072	233933	16972	0	US
10	313230	332618	2019	7162040	906072	233933	16972	0	US
10	31324	321114	2019	1284002	241028	61750	5849	0	US
10	313240	333519	2019	1284002	241028	61750	5849	0	US
10	3133	333415	2019	7506319	1193785	303027	25058	0	US
10	31331	331513	2019	4981903	788371	198057	18368	0	US
10	313310	331210	2019	4981903	788371	198057	18368	0	US
10	31332	32199	2019	2524416	405415	104970	6689	0	US
10	313320	32552	2019	2524416	405415	104970	6689	0	US
10	314	32229	2019	22894642	4073977	988569	102880	0	US
10	3141	331529	2019	12449799	1831799	458232	46157	0	US
10	31411	32223	2019	8818740	1151350	293128	26002	0	US
10	314110	327212	2019	8818740	1151350	293128	26002	0	US
10	31412	314994	2019	3631058	680449	165104	20154	0	US
10	314120	32615	2019	3631058	680449	165104	20154	0	US
10	3149	32512	2019	10444843	2242178	530337	56724	0	US
10	31491	325414	2019	3840860	857794	199932	20565	0	US
10	314910	3261	2019	3840860	857794	199932	20565	0	US
10	31499	33361	2019	6603983	1384384	330405	36158	0	US
10	314994	33636	2019	1716999	307407	72855	6058	0	US
10	314999	3221	2019	4886984	1076977	257550	30100	0	US
10	315	32799	2019	9970683	2477637	612657	73739	0	US
10	3151	333914	2019	1091018	299361	73741	10032	0	US
10	31511	335210	2019	859919	243608	60560	8254	0	US
10	315110	33792	2019	859919	243608	60560	8254	0	US
10	31519	333517	2019	231100	55752	13181	1778	0	US
10	315190	311119	2019	231100	55752	13181	1778	0	US
10	3152	332993	2019	7848193	1935046	482125	55824	0	US
10	31521	32411	2019	2148161	659483	160140	21357	0	US
10	315210	33992	2019	2148161	659483	160140	21357	0	US
10	31522	332994	2019	1617964	437675	112183	15300	0	US
10	315220	3114	2019	1617964	437675	112183	15300	0	US
10	31524	332112	2019	2952721	577712	144666	11971	0	US
10	315240	335931	2019	2952721	577712	144666	11971	0	US
10	31528	31111	2019	1129347	260176	65136	7196	0	US
10	315280	331511	2019	1129347	260176	65136	7196	0	US
10	3159	312140	2019	1031472	243231	56791	7882	0	US
10	31599	325414	2019	1031472	243231	56791	7882	0	US
10	315990	311411	2019	1031472	243231	56791	7882	0	US
10	316	336320	2019	4458106	997849	246962	26082	0	US
10	3161	337910	2019	1124181	141336	32291	3079	0	US
10	31611	332313	2019	1124181	141336	32291	3079	0	US
10	316110	339114	2019	1124181	141336	32291	3079	0	US
10	3162	31212	2019	1798934	465393	118327	12337	0	US
10	31621	3141	2019	1798934	465393	118327	12337	0	US
10	316210	33993	2019	1798934	465393	118327	12337	0	US
10	3169	32592	2019	1534992	391120	96344	10666	0	US
10	31699	325199	2019	1534992	391120	96344	10666	0	US
10	316992	31699	2019	387969	77598	20858	1754	0	US
10	316998	334513	2019	1147023	313522	75486	8912	0	US
10	321	337122	2019	106437913	17851103	4313998	391148	0	US
10	3211	316998	2019	30516140	4330638	1074609	83733	0	US
10	32111	321214	2019	30516140	4330638	1074609	83733	0	US
10	321113	31223	2019	23810050	3791383	937872	73278	0	US
10	321114	324110	2019	6706090	539254	136737	10456	0	US
10	3212	315110	2019	23221656	3651395	900219	73278	0	US
10	32121	311512	2019	23221656	3651395	900219	73278	0	US
10	321211	321992	2019	2823035	469953	118443	11392	0	US
10	321212	321920	2019	3407397	654539	163998	12480	0	US
10	321213	3391	2019	2604966	291758	67302	5119	0	US
10	321214	33231	2019	7703694	1422653	333304	30946	0	US
10	321219	31499	2019	6682564	812492	217173	13340	0	US
10	3219	311	2019	52700118	9869070	2339169	234136	0	US
10	32191	334310	2019	26181144	4613854	1092120	105517	0	US
10	321911	322130	2019	13559877	2509366	582701	52436	0	US
10	321912	337127	2019	5554342	861133	201642	20394	0	US
10	321918	32721	2019	7066925	1243356	307778	32686	0	US
10	32192	33612	2019	10421102	2050197	502108	53407	0	US
10	321920	32541	2019	10421102	2050197	502108	53407	0	US
10	32199	33431	2019	16097872	3205019	744941	75213	0	US
10	321991	332420	2019	4309238	873786	197142	21596	0	US
10	321992	334512	2019	4378347	913623	200539	18990	0	US
10	321999	335220	2019	7410287	1417609	347260	34627	0	US
10	322	335932	2019	190414595	22168494	5647330	332660	0	US
10	3221	333923	2019	76296960	7878765	2056572	93283	0	US
10	32211	311514	2019	6961533	924463	227435	9590	0	US
10	322110	314910	2019	6961533	924463	227435	9590	0	US
10	32212	332311	2019	37357531	3718399	987855	47753	0	US
10	322121	3336	2019	36450178	3615921	959807	46627	0	US
10	322122	321992	2019	907353	102478	28048	1126	0	US
10	32213	3152	2019	31977896	3235903	841281	35940	0	US
10	322130	325520	2019	31977896	3235903	841281	35940	0	US
10	3222	31211	2019	114117635	14289728	3590758	239377	0	US
10	32221	334517	2019	66748660	8577710	2112409	141334	0	US
10	322211	315990	2019	35980822	4519447	1115203	72998	0	US
10	322212	33592	2019	23044691	3112240	767335	50472	0	US
10	322219	311920	2019	7723147	946023	229872	17864	0	US
10	32222	33999	2019	22811706	3083784	797641	50118	0	US
10	322220	311812	2019	22811706	3083784	797641	50118	0	US
10	32223	332722	2019	5940763	765878	187683	15791	0	US
10	322230	337211	2019	5940763	765878	187683	15791	0	US
10	32229	336612	2019	18616506	1862357	493025	32135	0	US
10	322291	326140	2019	13423292	1068071	286677	17557	0	US
10	322299	311224	2019	5193214	794285	206348	14578	0	US
10	323	311612	2019	81224810	20346147	4946720	394834	0	US
10	3231	334290	2019	81224810	20346147	4946720	394834	0	US
10	32311	31214	2019	78395241	19349135	4703951	374798	0	US
10	323111	326212	2019	65143886	16071818	3919740	295935	0	US
10	323113	3133	2019	8979334	2254338	527539	57580	0	US
10	323117	327999	2019	4272021	1022979	256673	21282	0	US
10	32312	331222	2019	2829569	997012	242769	20036	0	US
10	323120	33639	2019	2829569	997012	242769	20036	0	US
10	324	316992	2019	595704415	11435701	3253064	106669	0	US
10	3241	3254	2019	595704415	11435701	3253064	106669	0	US
10	32411	333243	2019	547390227	8265164	2486286	63659	0	US
10	324110	311520	2019	547390227	8265164	2486286	63659	0	US
10	32412	32121	2019	25521087	1864706	406523	27210	0	US
10	324121	332613	2019	14350659	1103135	217404	17223	0	US
10	324122	322211	2019	11170428	761570	189119	9987	0	US
10	32419	32111	2019	22793100	1305831	360255	15800	0	US
10	324191	33711	2019	18056257	1074622	296693	12632	0	US
10	324199	3364	2019	4736843	231209	63562	3168	0	US
10	325	339115	2019	720177553	61175348	16298633	751137	0	US
10	3251	311422	2019	206315456	13567692	3615762	143000	0	US
10	32511	33611	2019	47971340	1253085	328228	9693	0	US
10	325110	3391	2019	47971340	1253085	328228	9693	0	US
10	32512	31323	2019	9389785	963387	242439	11062	0	US
10	325120	332112	2019	9389785	963387	242439	11062	0	US
10	32513	33351	2019	5575602	631550	160900	7738	0	US
10	325130	314	2019	5575602	631550	160900	7738	0	US
10	32518	31321	2019	32096238	3367921	908324	36798	0	US
10	325180	322211	2019	32096238	3367921	908324	36798	0	US
10	32519	32741	2019	111282491	7351749	1975871	77709	0	US
10	325193	333244	2019	30953980	801154	222789	10964	0	US
10	325194	333316	2019	5185494	496283	124903	4968	0	US
10	325199	313230	2019	75143017	6054312	1628179	61777	0	US
10	3252	334220	2019	95740455	7813651	2098153	92040	0	US
10	32521	3254	2019	89562402	7146754	1925722	79649	0	US
10	325211	3345	2019	81673471	6352359	1709861	70360	0	US
10	325212	316992	2019	7888930	794395	215861	9289	0	US
10	32522	32732	2019	6178053	666897	172431	12391	0	US
10	325220	326291	2019	6178053	666897	172431	12391	0	US
10	3253	33422	2019	31464541	2493534	645168	32406	0	US
10	32531	33261	2019	17939367	1700761	436938	21308	0	US
10	325311	311423	2019	7381366	571671	147873	6383	0	US
10	325312	324	2019	5676311	605556	166404	6362	0	US
10	325314	332114	2019	4881690	523534	122661	8564	0	US
10	32532	3341	2019	13525174	792773	208230	11097	0	US
10	325320	336390	2019	13525174	792773	208230	11097	0	US
10	3254	31491	2019	210743538	21814677	5977846	244788	0	US
10	32541	3351	2019	210743538	21814677	5977846	244788	0	US
10	325411	333515	2019	12564756	2007223	577198	27766	0	US
10	325412	33242	2019	150852948	12215809	3242004	140490	0	US
10	325413	334514	2019	13823668	2666817	773998	28077	0	US
10	325414	33651	2019	33502166	4924828	1384646	48455	0	US
10	3255	334613	2019	41983991	3984808	1026835	59581	0	US
10	32551	336340	2019	26439617	2318136	587408	34683	0	US
10	325510	32513	2019	26439617	2318136	587408	34683	0	US
10	32552	3116	2019	15544375	1666672	439427	24897	0	US
10	325520	31521	2019	15544375	1666672	439427	24897	0	US
10	3256	339113	2019	89253806	6269477	1625585	100305	0	US
10	32561	314110	2019	41408440	3281291	834885	50933	0	US
10	325611	332710	2019	26237319	1728279	422411	28944	0	US
10	325612	323111	2019	7405965	1001812	262864	15717	0	US
10	325613	3399	2019	7765156	551200	149610	6272	0	US
10	32562	32592	2019	47845366	2988186	790701	49372	0	US
10	325620	31152	2019	47845366	2988186	790701	49372	0	US
10	3259	321219	2019	44675766	5231508	1309284	79018	0	US
10	32591	3321	2019	4670029	657197	166721	9837	0	US
10	325910	331110	2019	4670029	657197	166721	9837	0	US
10	32592	311911	2019	2631421	511294	130436	7758	0	US
10	325920	32512	2019	2631421	511294	130436	7758	0	US
10	32599	33361	2019	37374316	4063017	1012126	61424	0	US
10	325991	3253	2019	10509052	1186734	286063	17746	0	US
10	325992	332323	2019	5260046	463403	112357	6849	0	US
10	325998	33313	2019	21605218	2412880	613707	36829	0	US
10	326	324121	2019	246579623	38897148	9773669	768886	0	US
10	3261	336310	2019	201195394	31242663	7897787	634252	0	US
10	32611	33612	2019	39599228	5356487	1418853	92426	0	US
10	326111	33232	2019	11787160	1542884	395553	30260	0	US
10	326112	33311	2019	13245719	1864300	514171	30838	0	US
10	326113	332991	2019	14566350	1949303	509128	31328	0	US
10	32612	3251	2019	20282706	2189096	550100	39818	0	US
10	326121	339940	2019	8798252	1034463	263852	17415	0	US
10	326122	332510	2019	11484454	1154633	286248	22403	0	US
10	32613	326211	2019	4384415	728301	183974	12580	0	US
10	326130	313320	2019	4384415	728301	183974	12580	0	US
10	32614	322121	2019	9764478	1295452	316288	28945	0	US
10	326140	31611	2019	9764478	1295452	316288	28945	0	US
10	32615	32311	2019	11478657	1491748	388897	30993	0	US
10	326150	31199	2019	11478657	1491748	388897	30993	0	US
10	32616	332912	2019	11548292	1516442	389567	30562	0	US
10	326160	3334	2019	11548292	1516442	389567	30562	0	US
10	32619	311991	2019	104137618	18665138	4650108	398930	0	US
10	326191	3352	2019	4743870	797742	197084	18648	0	US
10	326199	33351	2019	99393749	17867396	4453024	380282	0	US
10	3262	32619	2019	45384229	7654485	1875882	134633	0	US
10	32621	337121	2019	21266612	3439687	794841	53714	0	US
10	326211	323111	2019	19710562	3154521	730486	47723	0	US
10	326212	321211	2019	1556050	285166	64354	5991	0	US
10	32622	337	2019	5484339	1081544	284676	19712	0	US
10	326220	33661	2019	5484339	1081544	284676	19712	0	US
10	32629	322299	2019	18633279	3133254	796366	61207	0	US
10	326291	33271	2019	7859584	1461487	376504	31409	0	US
10	326299	3352	2019	10773695	1671766	419861	29798	0	US
10	327	33993	2019	130435611	21487624	5224777	390998	0	US
10	3271	3315	2019	8124973	1744018	457907	33905	0	US
10	32711	326150	2019	2491658	598236	163002	12551	0	US
10	327110	333999	2019	2491658	598236	163002	12551	0	US
10	32712	33911	2019	5633316	1145783	294904	21354	0	US
10	327120	31324	2019	5633316	1145783	294904	21354	0	US
10	3272	311813	2019	27570836	4855813	1286737	91988	0	US
10	32721	339992	2019	27570836	4855813	1286737	91988	0	US
10	327211	333	2019	4167237	572613	166091	11143	0	US
10	327212	3353	2019	3744550	720583	195487	12575	0	US
10	327213	33641	2019	4724037	909818	241761	13097	0	US
10	327215	3159	2019	14935012	2652800	683398	55173	0	US
10	3273	325320	2019	61570731	9699902	2184946	172282	0	US
10	32731	325212	2019	9018680	1045866	249457	15590	0	US
10	327310	33341	2019	9018680	1045866	249457	15590	0	US
10	32732	3159	2019	33075657	4742291	1010844	81167	0	US
10	327320	332999	2019	33075657	4742291	1010844	81167	0	US
10	32733	335314	2019	6401779	1110791	256437	22620	0	US
10	327331	335121	2019	4686965	796902	186222	16298	0	US
10	327332	327999	2019	1714814	313889	70216	6322	0	US
10	32739	33111	2019	13074615	2800954	668207	52905	0	US
10	327390	322212	2019	13074615	2800954	668207	52905	0	US
10	3274	331210	2019	7985048	1029175	245577	13400	0	US
10	32741	332215	2019	2464063	313821	80631	4270	0	US
10	327410	3252	2019	2464063	313821	80631	4270	0	US
10	32742	336	2019	5520985	715354	164947	9130	0	US
10	327420	32791	2019	5520985	715354	164947	9130	0	US
10	3279	336611	2019	25184022	4158715	1049610	79423	0	US
10	32791	322291	2019	3976328	682833	178528	11110	0	US
10	327910	3131	2019	3976328	682833	178528	11110	0	US
10	32799	3273	2019	21207694	3475882	871082	68313	0	US
10	327991	311920	2019	5194024	1406166	339641	29488	0	US
10	327992	33421	2019	4283333	536054	151001	8683	0	US
10	327993	313310	2019	6710059	912366	233631	14188	0	US
10	327999	323117	2019	5020277	621295	146810	15954	0	US
10	331	32111	2019	239991457	24312176	6333093	368190	0	US
10	3311	339950	2019	93718306	7281664	1971451	85707	0	US
10	33111	337110	2019	93718306	7281664	1971451	85707	0	US
10	331110	32521	2019	93718306	7281664	1971451	85707	0	US
10	3312	33392	2019	26922193	3028425	762882	50538	0	US
10	33121	331315	2019	14056067	1696084	427785	26182	0	US
10	331210	32222	2019	14056067	1696084	427785	26182	0	US
10	33122	32532	2019	12866127	1332341	335097	24356	0	US
10	331221	33522	2019	6385427	572695	145161	9547	0	US
10	331222	327110	2019	6480700	759646	189936	14809	0	US
10	3313	333923	2019	38438493	3809612	990432	59083	0	US
10	33131	3365	2019	38438493	3809612	990432	59083	0	US
10	331313	332420	2019	2953336	333017	88287	4123	0	US
10	331314	333242	2019	5760506	351920	96002	5798	0	US
10	331315	336999	2019	17516660	1547892	402730	18902	0	US
10	331318	325320	2019	12207992	1576783	403412	30261	0	US
10	3314	331523	2019	50721367	3747737	947479	56779	0	US
10	33141	311224	2019	13445154	558827	150895	7986	0	US
10	331410	314999	2019	13445154	558827	150895	7986	0	US
10	33142	337	2019	22246914	1483085	367779	24438	0	US
10	331420	326	2019	22246914	1483085	367779	24438	0	US
10	33149	332993	2019	15029299	1705825	428805	24355	0	US
10	331491	3111	2019	7250536	1093133	271834	15084	0	US
10	331492	326199	2019	7778764	612692	156971	9271	0	US
10	3315	339112	2019	30191097	6444737	1660850	116083	0	US
10	33151	311230	2019	17824632	3651939	934358	62544	0	US
10	331511	314910	2019	10073033	2019189	516361	34788	0	US
10	331512	32211	2019	4098134	923558	233747	15447	0	US
10	331513	3115	2019	3653465	709192	184250	12309	0	US
10	33152	33242	2019	12366466	2792799	726492	53539	0	US
10	331523	325312	2019	6913381	1572622	419578	29988	0	US
10	331524	3329	2019	2465746	722227	173564	14453	0	US
10	331529	32622	2019	2987339	497949	133350	9098	0	US
10	332	333243	2019	376020320	77919739	19325354	1384342	0	US
10	3321	336412	2019	33166341	5791545	1440698	103540	0	US
10	33211	322121	2019	33166341	5791545	1440698	103540	0	US
10	332111	313310	2019	8816403	1297853	337379	21268	0	US
10	332112	334112	2019	2715451	410457	103503	6090	0	US
10	332114	336411	2019	7424446	999996	235267	17542	0	US
10	332117	332312	2019	2316202	514372	132563	10111	0	US
10	332119	31621	2019	11893838	2568867	631985	48529	0	US
10	3322	33431	2019	9952926	1819698	464232	33965	0	US
10	33221	336999	2019	9952926	1819698	464232	33965	0	US
10	332215	321991	2019	3110168	367324	102773	6608	0	US
10	332216	3241	2019	6842759	1452374	361459	27357	0	US
10	3323	33422	2019	100323468	19733886	4858691	356553	0	US
10	33231	3116	2019	53181976	9419685	2352240	162799	0	US
10	332311	315	2019	8723846	1503609	372531	26149	0	US
10	332312	33251	2019	36224788	5874316	1485037	99311	0	US
10	332313	324199	2019	8233343	2041760	494672	37339	0	US
10	33232	3344	2019	47141491	10314201	2506450	193754	0	US
10	332321	31199	2019	13801085	2746024	656440	52046	0	US
10	332322	331	2019	25372731	5676352	1390192	107221	0	US
10	332323	3274	2019	7967675	1891825	459819	34486	0	US
10	3324	325312	2019	37570331	5597436	1423955	87513	0	US
10	33241	334516	2019	8142809	1654480	423682	24059	0	US
10	332410	325510	2019	8142809	1654480	423682	24059	0	US
10	33242	325120	2019	10060964	2121894	530451	35537	0	US
10	332420	339950	2019	10060964	2121894	530451	35537	0	US
10	33243	311351	2019	19366558	1821062	469822	27917	0	US
10	332431	334419	2019	16120136	1323572	344369	18099	0	US
10	332439	321212	2019	3246421	497491	125453	9818	0	US
10	3325	332613	2019	9145253	1489854	369616	29315	0	US
10	33251	3311	2019	9145253	1489854	369616	29315	0	US
10	332510	31519	2019	9145253	1489854	369616	29315	0	US
10	3326	31411	2019	9889443	1844673	464892	36511	0	US
10	33261	33593	2019	9889443	1844673	464892	36511	0	US
10	332613	32591	2019	4610704	879749	225271	17254	0	US
10	332618	33521	2019	5278739	964923	239620	19256	0	US
10	3327	32412	2019	71304307	20632219	5062276	369685	0	US
10	33271	332811	2019	39263509	12592941	3046006	229993	0	US
10	332710	339920	2019	39263509	12592941	3046006	229993	0	US
10	33272	3342	2019	32040797	8039278	2016270	139692	0	US
10	332721	332216	2019	20594211	5824914	1439878	103818	0	US
10	332722	31699	2019	11446587	2214363	576392	35874	0	US
10	3328	3122	2019	28289690	6273749	1531010	120591	0	US
10	33281	3366	2019	28289690	6273749	1531010	120591	0	US
10	332811	337910	2019	5469595	1244088	307453	20665	0	US
10	332812	321911	2019	15114050	2667377	653390	50638	0	US
10	332813	31193	2019	7706045	2362285	570168	49288	0	US
10	3329	335220	2019	76378561	14736679	3709986	246670	0	US
10	33291	315190	2019	33543924	5801560	1457233	90976	0	US
10	332911	31223	2019	12205854	2161440	563317	32542	0	US
10	332912	3115	2019	11819102	2430453	579764	37214	0	US
10	332913	326211	2019	5418502	492648	131452	8907	0	US
10	332919	3363	2019	4100465	717019	182701	12314	0	US
10	33299	32191	2019	42834637	8935119	2252753	155693	0	US
10	332991	3132	2019	6047388	1064213	270963	19387	0	US
10	332992	32551	2019	4248008	597266	156665	10839	0	US
10	332993	327215	2019	3580840	1122632	298021	14093	0	US
10	332994	337125	2019	6647847	1123323	302705	18302	0	US
10	332996	333511	2019	6945074	1546007	400674	26328	0	US
10	332999	32622	2019	15365479	3481678	823725	66743	0	US
10	333	331410	2019	392665511	67416336	17293165	1042185	0	US
10	3331	326130	2019	94487242	11278279	2915977	187617	0	US
10	33311	316998	2019	38586165	4010286	1009939	75076	0	US
10	333111	33641	2019	30385299	3335672	836451	57514	0	US
10	333112	33634	2019	8200866	674614	173488	17562	0	US
10	33312	325193	2019	36099826	3843911	1015441	60629	0	US
10	333120	3219	2019	36099826	3843911	1015441	60629	0	US
10	33313	31192	2019	19801250	3424083	890597	51912	0	US
10	333131	336330	2019	5256975	934981	247590	16067	0	US
10	333132	311422	2019	14544275	2489102	643007	35846	0	US
10	3332	3313	2019	36118217	8800329	2361955	107950	0	US
10	33324	334290	2019	36118217	8800329	2361955	107950	0	US
10	333241	335110	2019	5879908	1250188	323549	17933	0	US
10	333242	33324	2019	9267109	2683135	792516	20386	0	US
10	333243	33232	2019	3678474	898594	232819	12352	0	US
10	333244	3152	2019	1644228	402386	100226	5834	0	US
10	333249	31161	2019	15648497	3566025	912846	51445	0	US
10	3333	313230	2019	26096141	4955015	1238971	75432	0	US
10	33331	336419	2019	26096141	4955015	1238971	75432	0	US
10	333314	31111	2019	4951627	1214309	291297	16506	0	US
10	333316	3346	2019	1103542	206276	56625	3318	0	US
10	333318	333514	2019	20040973	3534430	891049	55609	0	US
10	3334	311119	2019	45452113	6909096	1694949	135158	0	US
10	33341	333249	2019	45452113	6909096	1694949	135158	0	US
10	333413	321213	2019	6340784	1273156	315317	24973	0	US
10	333414	336	2019	4916817	839415	208740	14831	0	US
10	333415	33992	2019	34194512	4796526	1170891	95354	0	US
10	3335	32222	2019	31773695	8840509	2197534	143539	0	US
10	33351	325180	2019	31773695	8840509	2197534	143539	0	US
10	333511	325120	2019	6094083	1950514	491268	34547	0	US
10	333514	325998	2019	8646876	2731682	678712	44471	0	US
10	333515	333997	2019	5510256	1509961	376761	25772	0	US
10	333517	33243	2019	8013804	1722945	423292	25618	0	US
10	333519	3351	2019	3508675	925407	227501	13130	0	US
10	3336	337127	2019	46434684	6313400	1705698	94332	0	US
10	33361	315210	2019	46434684	6313400	1705698	94332	0	US
10	333611	31212	2019	9523824	2238193	637367	29437	0	US
10	333612	325412	2019	3231049	681232	175118	11258	0	US
10	333613	31134	2019	5350097	1034896	256977	15784	0	US
10	333618	31519	2019	28329713	2359078	636236	37854	0	US
10	3339	3324	2019	112303419	20319708	5178080	298157	0	US
10	33391	33637	2019	28626337	4130191	1093310	58643	0	US
10	333912	31181	2019	10319277	1468870	378384	21229	0	US
10	333914	32615	2019	18307059	2661321	714927	37414	0	US
10	33392	3113	2019	33417999	5950154	1538869	94104	0	US
10	333921	334510	2019	3709132	605555	153130	9445	0	US
10	333922	32212	2019	10328217	2515920	614463	37128	0	US
10	333923	33651	2019	8153258	1193397	358779	20791	0	US
10	333924	33121	2019	11227392	1635281	412497	26739	0	US
10	33399	3336	2019	50259084	10239363	2545901	145411	0	US
10	333991	332111	2019	3710095	439605	106021	7455	0	US
10	333992	333131	2019	5646958	1036512	258178	14161	0	US
10	333993	3328	2019	7716297	1558330	390585	21056	0	US
10	333994	33142	2019	2730767	712425	182132	11015	0	US
10	333995	339910	2019	7541115	1537217	378534	21690	0	US
10	333996	332311	2019	4208599	690185	173542	9975	0	US
10	333997	3326	2019	1147390	198886	60625	3585	0	US
10	333999	337110	2019	17557863	4066202	996285	56474	0	US
10	334	331524	2019	316432431	66701349	17321715	789468	0	US
10	3341	327331	2019	20684871	3297690	826728	40504	0	US
10	33411	312130	2019	20684871	3297690	826728	40504	0	US
10	334111	334515	2019	8841955	1411428	351371	17142	0	US
10	334112	3362	2019	5874052	537718	131285	6424	0	US
10	334118	331420	2019	5968864	1348544	344072	16938	0	US
10	3342	3112	2019	35466020	7564273	1956023	79968	0	US
10	33421	325991	2019	4467467	895803	223913	10959	0	US
10	334210	327213	2019	4467467	895803	223913	10959	0	US
10	33422	32614	2019	26859934	5869240	1529648	58119	0	US
10	334220	325991	2019	26859934	5869240	1529648	58119	0	US
10	33429	311615	2019	4138619	799229	202461	10890	0	US
10	334290	332215	2019	4138619	799229	202461	10890	0	US
10	3343	311812	2019	3133006	622454	157840	10740	0	US
10	33431	31142	2019	3133006	622454	157840	10740	0	US
10	334310	321214	2019	3133006	622454	157840	10740	0	US
10	3344	31331	2019	99116244	20976868	5541123	263406	0	US
10	33441	336340	2019	99116244	20976868	5541123	263406	0	US
10	334412	3151	2019	4466397	1130367	284836	21635	0	US
10	334413	325311	2019	51087649	11425948	3158398	103267	0	US
10	334416	336412	2019	4108400	989553	252455	18276	0	US
10	334417	311824	2019	5911869	1260787	320041	18184	0	US
10	334418	322	2019	21222185	3026474	747526	51713	0	US
10	334419	32611	2019	12319745	3143738	777866	50331	0	US
10	3345	335	2019	156605381	33900604	8755501	388426	0	US
10	33451	33511	2019	156605381	33900604	8755501	388426	0	US
10	334510	33122	2019	34590108	6840444	1823429	82365	0	US
10	334511	321213	2019	53216235	12087708	3069196	124093	0	US
10	334512	3279	2019	3118383	844685	239764	11213	0	US
10	334513	315220	2019	11198844	2562277	677245	34149	0	US
10	334514	32213	2019	5272031	890094	229141	12332	0	US
10	334515	336419	2019	11204200	2649052	684560	28667	0	US
10	334516	311930	2019	16461739	3876794	996607	44284	0	US
10	334517	33699	2019	8403052	1178801	278099	14090	0	US
10	334519	32711	2019	13140788	2970748	757459	37234	0	US
10	3346	327992	2019	1426909	339461	84501	6423	0	US
10	33461	322220	2019	1426909	339461	84501	6423	0	US
10	334613	336510	2019	349575	33575	8338	444	0	US
10	334614	314120	2019	1077335	305886	76163	5979	0	US
10	335	333517	2019	133314764	21127074	5350023	346043	0	US
10	3351	334511	2019	14124568	2542930	607298	40137	0	US
10	33511	32629	2019	1293907	218728	55836	3323	0	US
10	335110	33599	2019	1293907	218728	55836	3323	0	US
10	33512	3272	2019	12830660	2324202	551462	36814	0	US
10	335121	335110	2019	2169078	305995	73824	5831	0	US
10	335122	33311	2019	5832612	1181103	278805	18633	0	US
10	335129	33999	2019	4828970	837105	198833	12350	0	US
10	3352	324110	2019	24308639	2545543	669911	53106	0	US
10	33521	3221	2019	3792037	441276	115590	9935	0	US
10	335210	311941	2019	3792037	441276	115590	9935	0	US
10	33522	32511	2019	20516602	2104267	554321	43170	0	US
10	335220	311615	2019	20516602	2104267	554321	43170	0	US
10	3353	332710	2019	42339870	6940691	1766159	111438	0	US
10	33531	335	2019	42339870	6940691	1766159	111438	0	US
10	335311	33331	2019	6236452	1060563	263048	18647	0	US
10	335312	331110	2019	12234845	1758331	466115	27974	0	US
10	335313	326220	2019	13028725	1919452	477358	30324	0	US
10	335314	336992	2019	10839848	2202345	559638	34493	0	US
10	3359	335932	2019	52541687	9097910	2306655	141363	0	US
10	33591	3344	2019	9568897	1805340	451872	29872	0	US
10	335911	31121	2019	7455914	1418897	343557	24551	0	US
10	335912	312113	2019	2112983	386443	108315	5321	0	US
10	33592	311111	2019	11695633	1513353	382483	25638	0	US
10	335921	333994	2019	3103731	429077	103063	6791	0	US
10	335929	31135	2019	8591902	1084276	279420	18847	0	US
10	33593	321	2019	13988655	2138816	530435	36234	0	US
10	335931	311999	2019	8349821	1438093	356628	24828	0	US
10	335932	332996	2019	5638834	700723	173807	11406	0	US
10	33599	32192	2019	17288503	3640401	941865	49618	0	US
10	335991	314120	2019	4893423	688796	167382	9942	0	US
10	335999	332439	2019	12395080	2951604	774483	39676	0	US
10	336	3279	2019	957475988	108055583	29096603	1552433	0	US
10	3361	33291	2019	343796250	17492913	4626351	223320	0	US
10	33611	323113	2019	310009660	15472293	4144992	191513	0	US
10	336111	327320	2019	104485057	6899369	1780551	80374	0	US
10	336112	333912	2019	205524603	8572924	2364441	111139	0	US
10	33612	3112	2019	33786591	2020620	481360	31806	0	US
10	336120	327993	2019	33786591	2020620	481360	31806	0	US
10	3362	313210	2019	49257888	7445538	1848671	147431	0	US
10	33621	334513	2019	49257888	7445538	1848671	147431	0	US
10	336211	321219	2019	16004626	2460387	598025	45939	0	US
10	336212	333993	2019	12167118	1688027	417034	37007	0	US
10	336213	325920	2019	4581679	594358	150101	11430	0	US
10	336214	327993	2019	16504465	2702766	683512	53055	0	US
10	3363	313320	2019	260073140	31894773	8264742	576157	0	US
10	33631	325110	2019	37228166	3999712	1071122	61804	0	US
10	336310	33711	2019	37228166	3999712	1071122	61804	0	US
10	33632	312	2019	23886585	3037189	715523	56470	0	US
10	336320	31181	2019	23886585	3037189	715523	56470	0	US
10	33633	334417	2019	15272994	1986025	533810	36159	0	US
10	336330	31211	2019	15272994	1986025	533810	36159	0	US
10	33634	326122	2019	11632509	1206673	303257	23083	0	US
10	336340	334220	2019	11632509	1206673	303257	23083	0	US
10	33635	31214	2019	42076172	4886928	1360956	74015	0	US
10	336350	333612	2019	42076172	4886928	1360956	74015	0	US
10	33636	31332	2019	29131727	3400227	855010	71536	0	US
10	336360	325	2019	29131727	3400227	855010	71536	0	US
10	33637	3359	2019	36677433	5817431	1505223	103982	0	US
10	336370	32739	2019	36677433	5817431	1505223	103982	0	US
10	33639	326160	2019	64167554	7560589	1919841	149108	0	US
10	336390	32613	2019	64167554	7560589	1919841	149108	0	US
10	3364	327211	2019	234511676	38952763	11337863	413068	0	US
10	33641	311824	2019	234511676	38952763	11337863	413068	0	US
10	336411	311941	2019	130082732	17955338	5422503	174372	0	US
10	336412	313240	2019	40158495	6400637	1846051	75378	0	US
10	336413	311221	2019	37144701	8030935	2092796	105893	0	US
10	336414	316	2019	17688983	4208026	1402345	34174	0	US
10	336415	33231	2019	8028184	2011560	484077	19049	0	US
10	336419	332722	2019	1408583	346268	90092	4202	0	US
10	3365	327320	2019	11764411	1940422	468972	27885	0	US
10	33651	32412	2019	11764411	1940422	468972	27885	0	US
10	336510	3333	2019	11764411	1940422	468972	27885	0	US
10	3366	337211	2019	36830733	8178660	2026424	129857	0	US
10	33661	32731	2019	36830733	8178660	2026424	129857	0	US
10	336611	339112	2019	26554897	6424485	1595897	95092	0	US
10	336612	3253	2019	10275836	1754175	430527	34765	0	US
10	3369	332117	2019	21241890	2150514	523580	34715	0	US
10	33699	3362	2019	21241890	2150514	523580	34715	0	US
10	336991	321918	2019	6216801	531459	130391	9274	0	US
10	336992	3369	2019	5960001	832908	199212	10564	0	US
10	336999	333618	2019	9065087	786147	193976	14877	0	US
10	337	335999	2019	75525551	16016259	3936833	360820	0	US
10	3371	3335	2019	37978465	8674324	2107968	212534	0	US
10	33711	331313	2019	14224367	3654526	892560	89719	0	US
10	337110	32121	2019	14224367	3654526	892560	89719	0	US
10	33712	314	2019	23754098	5019798	1215408	122816	0	US
10	337121	33712	2019	11964222	2473621	594165	64511	0	US
10	337122	312230	2019	3505233	818049	206541	22440	0	US
10	337124	33299	2019	2300549	447216	105087	9199	0	US
10	337125	31182	2019	1027129	114631	28667	2775	0	US
10	337127	32311	2019	4956965	1166280	280949	23891	0	US
10	3372	333994	2019	28166490	6004354	1491987	118169	0	US
10	33721	315220	2019	28166490	6004354	1491987	118169	0	US
10	337211	32791	2019	3205319	573833	142728	12934	0	US
10	337212	33421	2019	8772859	2510820	603963	45855	0	US
10	337214	324191	2019	8854452	1346444	355708	26743	0	US
10	337215	3327	2019	7333860	1573257	389588	32638	0	US
10	3379	33131	2019	9380596	1337582	336877	30116	0	US
10	33791	3121	2019	7177489	825500	213888	19440	0	US
10	337910	33391	2019	7177489	825500	213888	19440	0	US
10	33792	334416	2019	2203107	512081	122989	10676	0	US
10	337920	33631	2019	2203107	512081	122989	10676	0	US
10	339	31141	2019	155001660	31291519	7912568	531085	0	US
10	3391	3331	2019	91887978	18118546	4652589	272817	0	US
10	33911	33633	2019	91887978	18118546	4652589	272817	0	US
10	339112	339993	2019	40736615	8184035	2163586	118196	0	US
10	339113	325613	2019	34698542	5855843	1473110	75116	0	US
10	339114	3372	2019	4604575	913504	254154	13938	0	US
10	339115	3372	2019	6691088	1296929	320328	24227	0	US
10	339116	33111	2019	5157158	1868236	441412	41340	0	US
10	3399	325992	2019	63113681	13172973	3259979	258268	0	US
10	33991	325611	2019	7327432	1052022	262166	21908	0	US
10	339910	313110	2019	7327432	1052022	262166	21908	0	US
10	33992	311513	2019	10712885	1793362	481376	36348	0	US
10	339920	33699	2019	10712885	1793362	481376	36348	0	US
10	33993	327410	2019	1406871	266144	66020	5210	0	US
10	339930	33152	2019	1406871	266144	66020	5210	0	US
10	33994	334416	2019	3336081	540761	135187	10398	0	US
10	339940	31528	2019	3336081	540761	135187	10398	0	US
10	33995	312130	2019	13255100	3776530	913969	75698	0	US
10	339950	335210	2019	13255100	3776530	913969	75698	0	US
10	33999	333922	2019	27075312	5744153	1401261	108706	0	US
10	339991	326299	2019	6861945	1686904	427651	28013	0	US
10	339992	311314	2019	2180081	571770	142360	12294	0	US
10	339993	327992	2019	983598	216359	52746	3749	0	US
10	339994	323117	2019	3001834	487642	120929	9886	0	US
10	339995	3259	2019	596927	114125	27922	2599	0	US
10	339999	311942	2019	13450927	2667353	629652	52164	0	US
